68863514
126994511
5607283
28982771
31187265
36286425
24127159
15762370
21203000
82667685
5495096
9269612
103320222
1324171354
60600590
9903122
46443959
11348159
95688681
6006668
37202572
4424762
34656032
1425171
4052584
40606052
4170600
8372098
8747358
8547100
193203476
207652865
3719300
10746740
2081206
5232929
19705301
1316481
33203
9507120
334252
2872298
127540423
4692700
185989640
4773095
582972
38499
2569804
16385068
9762274
2924816
10648791
261115456
10324611
77281
1960424
35276786
32275687
15411614
43847430
17909754
9455802
45004645
9817958
37666
37948016
11403248
3516816
2064845
55908865
797765
23439189
48653419
4857274
31773839
7057412
5428704
7606374
436947
385551
7127822
417492
162951560
6725308
2876101
1170125
423196
323127513
18646433
1000
3027398
4034119
1378665000
80277428
25368620
66896109
2508
5731118
10561633
92701100
144342396
3552000
10887882
9112867
65637239
78736153
23695919
2881355
79512426
11475982
773303
17797032
102403196
39578828
12395924
48461567
100963
3444006
28206728
2479713
94677
1364962
31568179
1343098
1979786
16582469
4301018
11917508
178015
109643
558368
1816200
4594621
5125821
1221490
31848200
17018408
10872298
4613823
14317996
55572201
284996
622781
6082700
1263473
16591390
942333
2038501
391232
14452543
6344722
898760
6149928
24894551
10847334
28813463
539560
20672987
8084991
16150362
