1,1,1,1,1,1,1,1,1,1,1,1,1,1,1,1,1,1,1,1,1,1,1,1,1,1,1,1,1,1,1,1,1,5,5,5,5,7,10,17,23,32,47,75,86,110,141,179,279,338,419,511,609,675,794,908,1026,1228,1404,1655,1844,2101,2469,2585,3208,3770,4311,4896,5179
0,0,1,1,1,1,1,1,2,2,2,2,2,2,2,2,2,2,2,2,2,2,2,2,2,2,2,2,2,2,2,2,2,2,2,2,2,2,3,3,4,4,4,5,6,6,7,11,19,25,32,46,66,94,104,159,286,420,583,751,1047,1285,1535,1875,2538,3029,3547,4613,5070
0,0,0,1,2,2,2,2,2,3,3,6,6,6,6,6,6,6,6,7,7,7,7,7,7,7,7,7,7,8,9,9,9,11,11,26,26,27,28,33,38,45,55,67,81,100,112,172,179,202,252,320,381,478,588,732,893,1067,1283,1544,1851,2240,2644,3183,4060,4914,5565,6266,7421
0,0,0,0,1,1,1,1,1,1,1,1,1,1,1,1,1,1,1,1,1,1,1,1,1,1,1,1,1,1,1,1,1,1,1,1,1,1,1,1,1,2,2,2,3,5,5,6,6,9,9,9,12,13,18,20,28,47,70,104,153,234,326,402,508,665,773,929,1169
0,0,0,0,0,0,0,0,0,0,1,1,1,1,1,1,1,1,1,1,1,1,1,1,1,1,1,1,1,1,1,1,1,1,1,1,1,1,1,1,2,2,2,3,8,13,28,41,92,95,108,123,138,164,197,218,256,328,413,525,646,777,1159,1838,2417,3240,4257,4955,5752
0,0,0,0,0,0,0,0,0,0,0,0,0,0,1,1,1,1,1,1,1,1,1,1,1,1,1,1,1,1,1,1,1,1,1,1,1,1,1,1,1,1,1,1,1,1,1,2,3,6,8,19,27,33,47,72,106,155,216,281,382,418,481,623,754,930,1042,1120,1267
0,0,0,0,0,0,0,0,0,0,0,0,0,0,0,0,0,0,0,0,0,1,2,2,2,2,2,2,2,2,4,4,4,10,10,10,10,11,11,11,11,11,12,16,19,19,23,24,31,33,41,58,69,80,87,106,166,248,377,547,632,728,857,1119,1543,1942,2161,2712,3043
0,0,0,0,0,0,0,0,0,0,0,0,0,0,0,0,0,0,0,0,0,0,0,0,0,0,10,10,10,11,11,11,11,12,13,13,13,13,13,13,13,13,13,13,14,14,16,16,17,23,24,27,29,31,33,36,43,47,53,61,62,73,77,84,92,100,122,137,185
0,0,0,0,0,0,0,0,0,0,0,0,0,0,0,0,0,0,0,0,0,0,0,0,0,0,0,0,0,0,0,0,0,0,1,1,1,1,1,1,1,1,1,1,3,3,3,3,4,5,7,7,21,29,40,51,65,80,112,138,182,257,298,346,402,480,608,719,806
0,0,0,0,0,0,0,0,0,0,0,0,0,0,0,0,0,0,0,0,0,0,0,0,0,0,0,0,0,0,0,0,0,0,0,0,0,1,1,2,2,2,2,2,2,6,13,13,14,20,30,30,36,39,46,66,74,87,114,137,161,191,209,266,316,414,479,548,606
0,0,0,0,0,0,0,0,0,0,0,0,0,0,0,0,0,0,0,0,0,0,0,0,0,0,0,0,0,0,0,0,0,0,0,0,0,0,0,2,2,3,3,4,7,12,13,14,23,26,46,70,70,109,141,210,326,434,564,764,1000,1222,1467,1965,2477,3198,4038,4942,5694
0,0,0,0,0,0,0,0,0,0,0,0,0,0,0,0,0,0,0,0,0,0,0,0,0,0,0,0,0,0,0,0,0,0,0,0,0,0,0,1,1,2,11,22,44,89,106,142,173,217,326,421,610,732,950,1374,2382,4152,7102,10356,15168,20875,25665,33066,38987,44635,53363,59568,67174
0,0,0,0,0,0,0,0,0,0,0,0,0,0,0,0,0,0,0,0,0,0,0,0,0,0,0,0,0,0,0,0,0,0,0,0,0,0,0,2,2,2,2,2,3,3,3,3,5,5,5,20,20,20,21,23,33,44,44,66,83,106,124,132,165,203,239,294,408
0,0,0,0,0,0,0,0,0,0,0,0,0,0,0,0,0,0,0,0,0,0,0,0,0,0,0,0,0,0,0,0,0,0,0,0,0,0,0,0,2,2,2,2,3,7,11,17,22,31,31,41,65,97,118,142,193,282,482,552,620,800,1097,1387,1643,2198,2447,2683,3032
0,0,0,0,0,0,0,0,0,0,0,0,0,0,0,0,0,0,0,0,0,0,0,0,0,0,0,0,0,0,0,0,0,0,0,0,0,0,0,0,1,2,2,2,2,4,4,4,5,5,6,7,7,13,17,26,39,44,55,65,78,101,108,137,158,187,214,258,314
0,0,0,0,0,0,0,0,0,0,0,0,0,0,0,0,0,0,0,0,0,0,0,0,0,0,0,0,0,0,0,0,0,0,0,0,0,0,0,0,0,1,1,1,2,2,2,7,7,8,16,18,25,32,34,42,66,104,144,184,269,303,399,563,638,783,972,1167,1304
0,0,0,0,0,0,0,0,0,0,0,0,0,0,0,0,0,0,0,0,0,0,0,0,0,0,0,0,0,0,0,0,0,0,0,0,0,0,0,0,0,0,1,2,4,4,6,11,15,23,29,50,75,98,176,268,427,735,896,1336,1914,2844,3675,4402,6876,8825,11124,13386,16636
0,0,0,0,0,0,0,0,0,0,0,0,0,0,0,0,0,0,0,0,0,0,0,0,0,0,0,0,0,0,0,0,0,0,0,0,0,0,0,0,0,0,0,2,8,8,8,12,17,34,49,78,103,136,161,183,216,278,364,475,591,721,912,1086,1432,1735,2061,2315,2628
0,0,0,0,0,0,0,0,0,0,0,0,0,0,0,0,0,0,0,0,0,0,0,0,0,0,0,0,0,0,0,0,0,0,0,0,0,0,0,0,0,0,0,3,3,3,5,6,9,13,13,18,27,32,39,57,85,108,150,195,245,290,349,423,581,775,1066,1244,1414
0,0,0,0,0,0,0,0,0,0,0,0,0,0,0,0,0,0,0,0,0,0,0,0,0,0,0,0,0,0,0,0,0,0,0,0,0,0,0,0,0,0,0,2,2,2,4,4,4,7,11,19,21,26,45,55,82,99,165,165,190,265,315,405,535,621,738,920,1044
0,0,0,0,0,0,0,0,0,0,0,0,0,0,0,0,0,0,0,0,0,0,0,0,0,0,0,0,0,0,0,0,0,0,0,0,0,0,0,0,0,0,0,1,1,1,3,4,7,8,18,26,32,39,52,73,98,155,237,312,424,522,679,784,981,1062,1373,1537,1834
0,0,0,0,0,0,0,0,0,0,0,0,0,0,0,0,0,0,0,0,0,0,0,0,0,0,0,0,0,0,0,0,0,0,0,0,0,0,0,0,0,0,0,0,1,1,2,2,2,2,2,2,4,7,10,14,16,26,37,48,56,77,90,95,106,120,151,175,204
0,0,0,0,0,0,0,0,0,0,0,0,0,0,0,0,0,0,0,0,0,0,0,0,0,0,0,0,0,0,0,0,0,0,0,0,0,0,0,0,0,0,0,0,1,1,2,4,6,11,12,12,15,19,24,30,39,56,79,126,201,259,366,479,656,982,1232,1514,1788
0,0,0,0,0,0,0,0,0,0,0,0,0,0,0,0,0,0,0,0,0,0,0,0,0,0,0,0,0,0,0,0,0,0,0,0,0,0,0,0,0,0,0,0,1,1,4,5,7,7,11,11,18,21,22,26,35,47,63,84,103,124,157,198,248,302,394,439,480
0,0,0,0,0,0,0,0,0,0,0,0,0,0,0,0,0,0,0,0,0,0,0,0,0,0,0,0,0,0,0,0,0,0,0,0,0,0,0,0,0,0,0,0,1,1,2,2,3,5,9,14,21,35,54,60,77,89,115,138,171,235,262,287,346,398,441,504,576
0,0,0,0,0,0,0,0,0,0,0,0,0,0,0,0,0,0,0,0,0,0,0,0,0,0,0,0,0,0,0,0,0,0,0,0,0,0,0,0,0,0,0,0,1,1,1,1,2,2,2,3,4,8,10,18,29,44,49,53,67,81,106,164,248,322,377,429,481
0,0,0,0,0,0,0,0,0,0,0,0,0,0,0,0,0,0,0,0,0,0,0,0,0,0,0,0,0,0,0,0,0,0,0,0,0,0,0,0,0,0,0,0,2,4,6,10,12,16,22,41,47,68,81,101,139,187,269,388,504,644,851,1151,1690,2218,2815,3441,4156
0,0,0,0,0,0,0,0,0,0,0,0,0,0,0,0,0,0,0,0,0,0,0,0,0,0,0,0,0,0,0,0,0,0,0,0,0,0,0,0,0,0,0,0,2,2,6,7,9,10,12,13,19,28,33,47,60,81,126,172,194,299,342,424,456,539,660,774,925
0,0,0,0,0,0,0,0,0,0,0,0,0,0,0,0,0,0,0,0,0,0,0,0,0,0,0,0,0,0,0,0,0,0,0,0,0,0,0,0,0,0,0,0,0,1,1,4,4,10,10,10,16,17,22,31,36,68,77,98,116,138,183,231,267,304,342,342,495
0,0,0,0,0,0,0,0,0,0,0,0,0,0,0,0,0,0,0,0,0,0,0,0,0,0,0,0,0,0,0,0,0,0,0,0,0,0,0,0,0,0,0,0,0,1,1,1,1,1,5,6,8,9,11,17,22,35,49,57,66,82,99,132,171,212,271,332,373
0,0,0,0,0,0,0,0,0,0,0,0,0,0,0,0,0,0,0,0,0,0,0,0,0,0,0,0,0,0,0,0,0,0,0,0,0,0,0,0,0,0,0,0,0,1,1,1,1,1,2,4,5,5,9,16,21,35,73,93,130,183,255,377,507,671,838,903,1050
0,0,0,0,0,0,0,0,0,0,0,0,0,0,0,0,0,0,0,0,0,0,0,0,0,0,0,0,0,0,0,0,0,0,0,0,0,0,0,0,0,0,0,0,0,1,1,1,1,2,2,2,5,8,12,14,19,22,29,49,52,75,95,123,158,184,211,235,256
0,0,0,0,0,0,0,0,0,0,0,0,0,0,0,0,0,0,0,0,0,0,0,0,0,0,0,0,0,0,0,0,0,0,0,0,0,0,0,0,0,0,0,0,0,1,2,5,8,10,17,30,42,45,51,67,78,94,115,152,219,254,290,391,604,606,740,890,1021
0,0,0,0,0,0,0,0,0,0,0,0,0,0,0,0,0,0,0,0,0,0,0,0,0,0,0,0,0,0,0,0,0,0,0,0,0,0,0,0,0,0,0,0,0,0,1,2,2,3,6,11,20,26,41,68,96,159,194,223,327,415,618,875,1012,1291,1524,1993,2571
0,0,0,0,0,0,0,0,0,0,0,0,0,0,0,0,0,0,0,0,0,0,0,0,0,0,0,0,0,0,0,0,0,0,0,0,0,0,0,0,0,0,0,0,0,0,3,8,13,14,16,17,18,22,22,29,38,44,45,68,90,105,124,145,179,235,298,336,424
0,0,0,0,0,0,0,0,0,0,0,0,0,0,0,0,0,0,0,0,0,0,0,0,0,0,0,0,0,0,0,0,0,0,0,0,0,0,0,0,0,0,0,0,0,0,0,1,6,13,14,36,77,103,137,196,280,392,537,763,837,1172,1388,1795,2305,2746,3315,3540,4025
0,0,0,0,0,0,0,0,0,0,0,0,0,0,0,0,0,0,0,0,0,0,0,0,0,0,0,0,0,0,0,0,0,0,0,0,0,0,0,0,0,0,0,0,0,0,0,3,3,4,5,13,26,37,50,67,90,120,169,247,351,444,564,706,867,1144,1406,1665,1933
0,0,0,0,0,0,0,0,0,0,0,0,0,0,0,0,0,0,0,0,0,0,0,0,0,0,0,0,0,0,0,0,0,0,0,0,0,0,0,0,0,0,0,0,0,0,0,0,2,2,12,25,33,53,54,65,80,334,548,787,1033,1324,1791,2294,2878,3657,4635,5486,6508
0,0,0,0,0,0,0,0,0,0,0,0,0,0,0,0,0,0,0,0,0,0,0,0,0,0,0,0,0,0,0,0,0,0,0,0,0,0,0,0,0,0,0,0,0,0,0,0,5,8,8,9,9,9,10,11,11,14,14,14,21,28,30,41,46,58,68,90,101
0,0,0,0,0,0,0,0,0,0,0,0,0,0,0,0,0,0,0,0,0,0,0,0,0,0,0,0,0,0,0,0,0,0,0,0,0,0,0,0,0,0,0,0,0,0,0,0,0,1,6,7,9,16,22,22,33,62,100,118,165,201,232,308,351,386,409,449,508
0,0,0,0,0,0,0,0,0,0,0,0,0,0,0,0,0,0,0,0,0,0,0,0,0,0,0,0,0,0,0,0,0,0,0,0,0,0,0,0,0,0,0,0,0,0,0,0,0,1,4,4,4,7,8,16,26,30,39,45,56,87,104,119,143,165,214,232,264
0,0,0,0,0,0,0,0,0,0,0,0,0,0,0,0,0,0,0,0,0,0,0,0,0,0,0,0,0,0,0,0,0,0,0,0,0,0,0,0,0,0,0,0,0,0,0,0,0,1,1,6,6,10,12,21,34,50,80,140,207,249,320,377,487,579,669,759,848
0,0,0,0,0,0,0,0,0,0,0,0,0,0,0,0,0,0,0,0,0,0,0,0,0,0,0,0,0,0,0,0,0,0,0,0,0,0,0,0,0,0,0,0,0,0,0,0,0,4,6,10,13,17,21,23,28,35,43,57,65,83,100,112,136,191,208,237,281
0,0,0,0,0,0,0,0,0,0,0,0,0,0,0,0,0,0,0,0,0,0,0,0,0,0,0,0,0,0,0,0,0,0,0,0,0,0,0,0,0,0,0,0,0,0,0,0,0,1,1,1,1,1,1,5,7,19,27,28,30,32,36,45,58,68,94,98,109
0,0,0,0,0,0,0,0,0,0,0,0,0,0,0,0,0,0,0,0,0,0,0,0,0,0,0,0,0,0,0,0,0,0,0,0,0,0,0,0,0,0,0,0,0,0,0,0,0,1,1,2,3,3,10,15,17,18,22,24,26,28,37,49,56,73,84,87,95
0,0,0,0,0,0,0,0,0,0,0,0,0,0,0,0,0,0,0,0,0,0,0,0,0,0,0,0,0,0,0,0,0,0,0,0,0,0,0,0,0,0,0,0,0,0,0,0,0,0,1,1,1,1,3,6,9,12,14,21,22,36,42,59,69,85,102,114,119
0,0,0,0,0,0,0,0,0,0,0,0,0,0,0,0,0,0,0,0,0,0,0,0,0,0,0,0,0,0,0,0,0,0,0,0,0,0,0,0,0,0,0,0,0,0,0,0,0,0,1,2,3,12,17,32,43,52,57,70,89,107,118,142,155,168,211,253,275
0,0,0,0,0,0,0,0,0,0,0,0,0,0,0,0,0,0,0,0,0,0,0,0,0,0,0,0,0,0,0,0,0,0,0,0,0,0,0,0,0,0,0,0,0,0,0,0,0,0,0,6,12,23,29,39,51,78,106,131,157,196,242,386,538,639,720,830,947
0,0,0,0,0,0,0,0,0,0,0,0,0,0,0,0,0,0,0,0,0,0,0,0,0,0,0,0,0,0,0,0,0,0,0,0,0,0,0,0,0,0,0,0,0,0,0,0,0,0,0,1,5,5,5,9,11,23,31,42,47,50,73,123,189,231,261,310,415
0,0,0,0,0,0,0,0,0,0,0,0,0,0,0,0,0,0,0,0,0,0,0,0,0,0,0,0,0,0,0,0,0,0,0,0,0,0,0,0,0,0,0,0,0,0,0,0,0,0,0,4,6,6,8,8,12,19,19,29,34,45,51,65,90,121,147,161,177
0,0,0,0,0,0,0,0,0,0,0,0,0,0,0,0,0,0,0,0,0,0,0,0,0,0,0,0,0,0,0,0,0,0,0,0,0,0,0,0,0,0,0,0,0,0,0,0,0,0,0,3,4,5,5,5,5,6,14,21,23,31,39,51,64,79,100,127,174
0,0,0,0,0,0,0,0,0,0,0,0,0,0,0,0,0,0,0,0,0,0,0,0,0,0,0,0,0,0,0,0,0,0,0,0,0,0,0,0,0,0,0,0,0,0,0,0,0,0,0,0,1,1,2,2,3,3,6,6,17,17,17,17,17,19,19,23,30
0,0,0,0,0,0,0,0,0,0,0,0,0,0,0,0,0,0,0,0,0,0,0,0,0,0,0,0,0,0,0,0,0,0,0,0,0,0,0,0,0,0,0,0,0,0,0,0,0,0,0,0,0,3,3,3,8,12,14,15,27,29,32,32,49,53,57,58,60
0,0,0,0,0,0,0,0,0,0,0,0,0,0,0,0,0,0,0,0,0,0,0,0,0,0,0,0,0,0,0,0,0,0,0,0,0,0,0,0,0,0,0,0,0,0,0,0,0,0,0,0,0,0,0,1,2,5,8,12,16,16,39,51,76,96,113,124,145
0,0,0,0,0,0,0,0,0,0,0,0,0,0,0,0,0,0,0,0,0,0,0,0,0,0,0,0,0,0,0,0,0,0,0,0,0,0,0,0,0,0,0,0,0,0,0,0,0,0,0,0,0,0,0,0,0,0,0,0,0,0,0,0,0,0,2,2,2
