16.2413632453488
16.2413632453488
16.2413632453488
16.2413632453488
16.2413632453488
16.2413632453488
16.2413632453488
16.2413632453488
16.2413632453488
16.2413632453488
16.2413632453488
16.2413632453488
16.2413632453488
16.2413632453488
16.2413632453488
16.2413632453488
16.2413632453488
16.2413632453488
16.2413632453488
16.2413632453488
16.2413632453488
16.2413632453488
16.2413632453488
16.2413632453488
16.2413632453488
16.2413632453488
16.2413632453488
16.2413632453488
16.2413632453488
16.2413632453488
16.2413632453488
16.2413632453488
16.2413632453488
16.2413632453488
16.2413632453488
16.2413632453488
16.2413632453488
16.2413632453488
16.2413632453488
16.2413632453488
16.2413632453488
16.2413632453488
16.2413632453488
16.2413632453488
16.2413632453488
16.2413632453488
16.2413632453488
16.2413632453488
16.2413632453488
16.2413632453488
16.2413632453488
16.2413632453488
16.2413632453488
16.2413632453488
16.2413632453488
16.2413632453488
16.2413632453488
16.2413632453488
16.2413632453488
16.2413632453488
16.2413632453488
16.2413632453488
16.2413632453488
16.2413632453488
16.2413632453488
16.2413632453488
16.2413632453488
16.2413632453488
16.2413632453488
16.2413632453488
16.2413632453488
16.2413632453488
16.2413632453488
16.2413632453488
16.2413632453488
16.2413632453488
16.2413632453488
16.2413632453488
16.2413632453488
16.2413632453488
16.2413632453488
16.2413632453488
16.2413632453488
16.2413632453488
16.2413632453488
16.2413632453488
16.2413632453488
16.2413632453488
16.2413632453488
16.2413632453488
16.2413632453488
16.2413632453488
16.2413632453488
16.2413632453488
16.2413632453488
16.2413632453488
16.2413632453488
16.2413632453488
16.2413632453488
16.2413632453488
16.2413632453488
16.2413632453488
16.2413632453488
16.2413632453488
16.2413632453488
16.2413632453488
16.2413632453488
16.2413632453488
16.2413632453488
16.2413632453488
16.2413632453488
16.2413632453488
16.2413632453488
16.2413632453488
16.2413632453488
16.2413632453488
16.2413632453488
16.2413632453488
16.2413632453488
16.2413632453488
16.2413632453488
16.2413632453488
16.2413632453488
16.2413632453488
16.2413632453488
16.2413632453488
16.2413632453488
16.2413632453488
16.2413632453488
16.2413632453488
16.2413632453488
16.2413632453488
16.2413632453488
16.2413632453488
16.2413632453488
16.2413632453488
16.2413632453488
16.2413632453488
16.2413632453488
16.2413632453488
16.2413632453488
16.2413632453488
16.2413632453488
16.2413632453488
16.2413632453488
16.2413632453488
16.2413632453488
16.2413632453488
16.2413632453488
16.2413632453488
16.2413632453488
16.2413632453488
16.2413632453488
16.2413632453488
16.2413632453488
16.2413632453488
16.2413632453488
16.2413632453488
16.2413632453488
16.2413632453488
5.76308898581014
36.6570420227593
16.2413632453488
3.24832079468541
25.5410119996588
16.2413632453488
16.2413632453488
29.3935228700284
1.95470267450304
16.6689825316266
16.2413632453488
16.2413632453488
16.2413632453488
4.76058422728412
16.2413632453488
16.2413632453488
16.2413632453488
16.2413632453488
16.2413632453488
16.2413632453488
16.2413632453488
21.4161076581987
16.2413632453488
13.4425605804416
14.7570571716009
4.58501978761711
12.5310062408742
16.2413632453488
7.48828267319312
1.2349818508477
16.2413632453488
16.2413632453488
16.2413632453488
16.2413632453488
16.2413632453488
16.2413632453488
14.3367114347607
16.2413632453488
19.1422375617787
39.2007538104566
14.6285000592102
16.2413632453488
16.2413632453488
16.2413632453488
33.5124601164429
16.2413632453488
16.2413632453488
7.59616933757902
6.33434058632981
16.2413632453488
2.09941250929879
16.2413632453488
8.85548852067039
16.2413632453488
2.4483209106092
16.2413632453488
6.66713048361269
25.7734997466578
16.2413632453488
16.2413632453488
18.6920293868443
16.2413632453488
16.2413632453488
16.2413632453488
16.2413632453488
16.2413632453488
16.2413632453488
16.2413632453488
16.2413632453488
36.1760314918145
16.2413632453488
16.2413632453488
16.2413632453488
16.2413632453488
32.1496975216268
16.2413632453488
16.2413632453488
16.2413632453488
16.2413632453488
16.2413632453488
16.2413632453488
16.2413632453488
16.2413632453488
30.9609910570627
16.2413632453488
16.2413632453488
36.6859166489077
16.2413632453488
16.2413632453488
16.2413632453488
16.2413632453488
16.2413632453488
16.2413632453488
16.2413632453488
16.2413632453488
16.2413632453488
16.2413632453488
33.2859960181473
16.2413632453488
2.41473195987638
16.2413632453488
16.2413632453488
2.17901355836749
16.2413632453488
27.7916743330784
3.277179068697
16.2413632453488
17.9927968611452
16.2413632453488
52.3319741448812
2.89880484463818
26.9729418701976
16.2413632453488
24.5062165344582
16.2413632453488
5.2189153072448
12.087280343181
16.2413632453488
16.2413632453488
16.2413632453488
16.2413632453488
16.2413632453488
16.2413632453488
16.2413632453488
8.74364612152805
22.1123594473854
4.23423711737563
11.6208016115385
16.2413632453488
29.6382591374934
16.2413632453488
16.2413632453488
16.2413632453488
16.2413632453488
41.6681788389462
18.7937041684769
33.6778492022167
16.2413632453488
16.2413632453488
39.5409658430009
16.2413632453488
16.2413632453488
15.4921563073583
15.3765969720713
21.4402672480796
16.2413632453488
14.9924029867586
16.2413632453488
16.2413632453488
16.2413632453488
16.2413632453488
16.2413632453488
16.2413632453488
16.2413632453488
34.451101557233
16.2413632453488
41.4796432994454
9.4980195975331
16.2413632453488
16.2413632453488
16.2413632453488
21.3908123499095
16.2413632453488
16.2413632453488
33.7701410885533
23.7915527791763
20.301414673972
16.2413632453488
16.2413632453488
16.2413632453488
16.2413632453488
23.9787991151555
16.2413632453488
6.36140478824638
16.2413632453488
16.2413632453488
8.52695465064829
16.2413632453488
3.62068901012971
16.2413632453488
16.2413632453488
16.2413632453488
16.2413632453488
19.3525332107359
16.2413632453488
16.2413632453488
16.2413632453488
16.2413632453488
16.2413632453488
16.2413632453488
16.2413632453488
23.5648550540906
16.2413632453488
16.2413632453488
16.2413632453488
16.2413632453488
9.8653225630517
16.2413632453488
16.2413632453488
16.2413632453488
16.2413632453488
16.2413632453488
16.2413632453488
16.2413632453488
5.86384214481043
5.11907696530682
16.2413632453488
16.2413632453488
22.4826614746525
3.78348122448494
16.2413632453488
16.2413632453488
16.2413632453488
16.2413632453488
16.2413632453488
16.2413632453488
16.2413632453488
16.2413632453488
16.2413632453488
16.2413632453488
16.2413632453488
13.8138940102081
16.2413632453488
16.2413632453488
3.94383615518999
2.29410610751799
2.02113345867184
17.2139815466705
16.2413632453488
62.9494145091609
40.1427624486419
16.2413632453488
16.2413632453488
16.2413632453488
2.38414841361741
16.2413632453488
3.04309303386323
2.56355886883636
16.2413632453488
4.73557973967431
16.2413632453488
17.0943142460091
16.2413632453488
14.0863799988755
16.2413632453488
16.2413632453488
16.2413632453488
16.2413632453488
16.2413632453488
16.2413632453488
16.2413632453488
16.2413632453488
16.2413632453488
16.2413632453488
16.2413632453488
16.2413632453488
16.2413632453488
16.2413632453488
16.2413632453488
16.2413632453488
16.2413632453488
16.2413632453488
16.2413632453488
16.2413632453488
16.2413632453488
16.2413632453488
16.2413632453488
15.8035420768637
16.2413632453488
16.2413632453488
16.2413632453488
16.2413632453488
16.2413632453488
16.2413632453488
16.2413632453488
16.2413632453488
16.2413632453488
16.2413632453488
16.2413632453488
16.2413632453488
16.2413632453488
16.2413632453488
16.2413632453488
16.2413632453488
16.2413632453488
16.2413632453488
16.2413632453488
16.2413632453488
16.2413632453488
16.2413632453488
16.2413632453488
16.2413632453488
16.2413632453488
16.2413632453488
16.2413632453488
16.2413632453488
16.2413632453488
16.2413632453488
16.2413632453488
16.2413632453488
16.2413632453488
16.2413632453488
16.2413632453488
16.2413632453488
16.2413632453488
16.2413632453488
16.2413632453488
16.2413632453488
16.2413632453488
16.2413632453488
16.2413632453488
16.2413632453488
16.2413632453488
16.2413632453488
16.2413632453488
16.2413632453488
16.2413632453488
16.2413632453488
16.2413632453488
16.2413632453488
7.41108522631429
16.2413632453488
12.5869451485138
16.2413632453488
36.0709327317793
11.5264774173485
16.2413632453488
20.79341536689
16.2413632453488
24.4242631727861
7.19113591415577
16.2413632453488
16.2413632453488
16.2413632453488
16.2413632453488
23.0613447384236
47.8314789248749
16.2413632453488
16.2413632453488
16.2413632453488
16.2413632453488
16.2413632453488
16.2413632453488
6.0025780356063
4.69575913001991
16.2413632453488
25.3241190832803
16.2413632453488
16.2413632453488
17.6742891880367
14.0331755773785
16.2413632453488
16.2413632453488
30.8709949295018
21.7317037120093
13.9481032504926
18.409358571191
16.2413632453488
16.2413632453488
17.4873777265798
21.0458573099663
12.5405130269516
16.2413632453488
27.7416063878774
31.200923521659
20.4467286107405
3.34338814327571
13.0245958290738
13.7705088922344
7.26538246259279
13.0190811587268
16.4119211867823
19.1826948035772
12.0419057552279
27.4390377188857
13.3771190963676
18.8474240839238
34.3163733604553
15.4543237275494
2.11135174626802
16.2413632453488
16.2413632453488
16.2413632453488
41.9937289884711
16.2413632453488
24.2831615063428
16.2413632453488
16.2413632453488
16.2413632453488
3.96486811759714
16.2413632453488
16.2413632453488
2.54492767430883
16.2413632453488
3.65705093744486
16.2413632453488
16.2413632453488
8.95479040081659
16.2413632453488
38.0946580911861
12.8271348758185
7.03153389324319
16.2413632453488
16.2413632453488
16.2413632453488
16.2413632453488
25.8918707767819
16.2413632453488
40.429342781816
16.2413632453488
16.6997179957815
13.9932104993988
16.2413632453488
8.73760809041025
5.92841416810723
3.42161223238245
16.2413632453488
1.68577361369361
16.2413632453488
16.2413632453488
1.95272417167301
16.2413632453488
3.34265031060411
13.2893487696208
16.2413632453488
16.2413632453488
16.2413632453488
16.2413632453488
10.584201553507
16.9177351423856
16.2413632453488
16.2413632453488
16.2413632453488
16.2413632453488
16.2413632453488
16.2413632453488
16.2413632453488
8.50257539431865
7.41255879945524
7.44390401786119
16.2413632453488
23.6176662323963
16.2413632453488
7.84517951453537
4.77001082677073
2.22282846618728
15.403473709929
16.2413632453488
16.2413632453488
16.2413632453488
9.17964888839466
16.2413632453488
2.6197142664238
16.2413632453488
16.2413632453488
1.77722873070289
16.2413632453488
16.2413632453488
16.2413632453488
16.2413632453488
16.2413632453488
16.5064710148108
16.2413632453488
19.2985556282917
8.88642045773232
16.2413632453488
10.1406640117007
4.97967227483332
16.2413632453488
16.2413632453488
16.2413632453488
16.2413632453488
16.2413632453488
16.2413632453488
16.2413632453488
16.2413632453488
3.27575583267552
4.39572232727865
3.7123038421619
16.2413632453488
3.81310311341938
3.04571487715884
16.2413632453488
14.1494179065383
16.2413632453488
16.2413632453488
16.2413632453488
16.2413632453488
38.3977484729571
5.38071724207031
16.2413632453488
13.8299234272722
16.2413632453488
15.5291209729286
16.2413632453488
16.2413632453488
3.62255553033418
16.2413632453488
38.5726807448914
16.2413632453488
16.2413632453488
10.673934335973
16.2413632453488
1.7314030304031
16.2413632453488
16.2413632453488
16.2413632453488
10.8923807442186
2.23180331181279
16.2413632453488
2.84596070953001
16.3252356151515
16.2413632453488
16.2413632453488
16.2413632453488
16.2413632453488
16.2413632453488
16.2413632453488
13.0029507512581
1.66019372264416
16.2413632453488
16.2413632453488
16.2413632453488
11.3606244229591
2.44065558592999
3.74711804718441
3.55361244049527
23.2808228816634
16.2413632453488
11.661086290151
8.09707735918698
16.2413632453488
16.2413632453488
8.90825405984031
16.2413632453488
16.2413632453488
14.9960406896678
27.3827534256121
16.2413632453488
16.2413632453488
16.2413632453488
8.30851367377331
16.2413632453488
16.2413632453488
2.78743926823787
1.87636200143655
16.2413632453488
48.2027724615037
16.2413632453488
16.2413632453488
16.2413632453488
16.2413632453488
16.2413632453488
30.5140126531291
16.2413632453488
16.2413632453488
16.2413632453488
16.2413632453488
74.8003253139629
16.2413632453488
16.2413632453488
16.2413632453488
16.2413632453488
16.2413632453488
11.3279001228091
16.2413632453488
7.16228352880098
16.2413632453488
16.9788103241085
16.2413632453488
40.9132755599927
16.2413632453488
28.9828731966798
18.2793889539725
19.8609787079559
16.2413632453488
16.2413632453488
16.2413632453488
16.2413632453488
16.2413632453488
16.2413632453488
16.2413632453488
16.2413632453488
61.2268401103187
5.89177290041254
16.2413632453488
16.2413632453488
22.9605390996501
16.2413632453488
7.32102805805931
16.2413632453488
16.2413632453488
16.2413632453488
16.2413632453488
16.2413632453488
12.6889767899512
16.2413632453488
16.7937147909324
16.2413632453488
16.2413632453488
21.56135735914
16.2413632453488
16.2413632453488
16.2413632453488
12.8702557862881
16.2413632453488
16.2413632453488
37.351718059551
16.2413632453488
3.87223538308134
16.2413632453488
40.169481990198
16.2413632453488
2.43078332440905
16.2413632453488
16.2413632453488
16.2413632453488
16.2413632453488
16.2413632453488
16.3372987498104
16.2413632453488
16.2413632453488
16.2413632453488
16.2413632453488
16.2413632453488
26.6395756556411
1.65563332781726
16.2413632453488
16.2413632453488
16.2413632453488
16.2413632453488
16.2413632453488
16.2413632453488
16.2413632453488
28.9639805629667
16.2413632453488
46.9132124606031
16.2413632453488
16.2413632453488
16.2413632453488
1.56106212666255
16.2413632453488
16.2413632453488
16.2413632453488
31.4422026315021
16.2413632453488
16.2413632453488
4.29039972377345
16.2413632453488
16.2413632453488
16.2413632453488
16.2413632453488
70.5837478761802
16.2413632453488
12.8978775797176
5.76197822757211
52.2305111882895
16.2413632453488
16.2413632453488
16.2413632453488
16.2413632453488
16.2413632453488
4.0553807995049
38.4882413132448
16.6974411743943
16.2413632453488
15.9179515427443
32.467524017398
16.2413632453488
16.2413632453488
16.2413632453488
16.2413632453488
16.2413632453488
16.2413632453488
38.5833275883888
16.2413632453488
16.2413632453488
24.8406775936867
42.9431089034976
16.2413632453488
40.3390291136331
9.68763149533637
16.2413632453488
16.2413632453488
16.2413632453488
16.2413632453488
55.7898838957016
16.2413632453488
16.2413632453488
16.2413632453488
16.2413632453488
16.2413632453488
2.4706132065744
16.2413632453488
9.21674736214142
16.2413632453488
64.9493514600402
16.2413632453488
16.2413632453488
16.2413632453488
16.2413632453488
16.2413632453488
1.37730920751133
16.2413632453488
16.2413632453488
16.2413632453488
16.2413632453488
16.2413632453488
16.2413632453488
16.2413632453488
16.2413632453488
16.2413632453488
16.2413632453488
16.2413632453488
16.2413632453488
16.2413632453488
16.2413632453488
16.2413632453488
16.2413632453488
16.2413632453488
16.2413632453488
16.2413632453488
28.7955054644112
16.2413632453488
16.2413632453488
1.97281989340369
16.2413632453488
16.2413632453488
16.2413632453488
16.2413632453488
16.2413632453488
16.2413632453488
16.2413632453488
16.2413632453488
16.2413632453488
16.2413632453488
16.2413632453488
16.2413632453488
16.2413632453488
16.2413632453488
16.2413632453488
16.2413632453488
16.2413632453488
16.2413632453488
16.2413632453488
16.2413632453488
16.2413632453488
16.2413632453488
16.2413632453488
25.4241486018958
16.2413632453488
16.2413632453488
16.2413632453488
16.2413632453488
16.2413632453488
16.2413632453488
16.2413632453488
16.2413632453488
16.2413632453488
19.1753966266714
3.44602975310261
48.6694883022112
16.2413632453488
16.2413632453488
16.2413632453488
16.2413632453488
16.2413632453488
2.22103577659258
16.2413632453488
16.2413632453488
27.3463212967825
16.2413632453488
16.2413632453488
16.2413632453488
16.2413632453488
2.55229408978823
16.2413632453488
2.3028030310713
12.4495177142176
16.2413632453488
20.707114537429
16.2413632453488
16.2413632453488
6.95047200223016
16.2413632453488
16.2413632453488
16.2413632453488
16.2413632453488
16.2413632453488
16.2413632453488
16.2413632453488
16.2413632453488
16.156988919907
16.2413632453488
27.8631619006563
16.2413632453488
16.2413632453488
22.3702151001479
20.985390853946
16.2413632453488
16.2413632453488
16.2413632453488
16.2413632453488
16.2413632453488
16.2413632453488
44.8508301254458
16.2413632453488
16.0235548356698
16.2413632453488
16.2413632453488
16.2413632453488
5.99323805297214
16.2413632453488
16.2413632453488
16.2413632453488
45.9256876972844
12.2916153944107
16.2413632453488
16.2413632453488
14.3698638672756
16.2413632453488
16.2413632453488
16.2413632453488
4.6779329789833
51.0799043902921
16.2413632453488
16.2413632453488
16.2413632453488
16.2413632453488
16.2413632453488
33.0620726704333
7.03177164618005
18.7804248241279
16.2413632453488
16.2413632453488
16.2413632453488
16.2413632453488
23.3708734164044
16.2413632453488
16.2413632453488
27.5005954401576
16.2413632453488
16.2413632453488
9.99383144361714
16.2413632453488
16.2413632453488
16.2413632453488
16.2413632453488
22.2651155021618
15.2099748790749
16.2413632453488
16.2413632453488
16.2413632453488
3.63629918786545
47.522336569492
16.2413632453488
16.2413632453488
16.2413632453488
16.2413632453488
3.26173392318604
16.2413632453488
16.2413632453488
23.947913637465
16.2413632453488
16.2413632453488
16.2413632453488
16.2413632453488
16.2413632453488
16.2413632453488
3.43991659060249
66.2206414709876
16.2413632453488
4.23211515745897
21.3690318966244
16.2413632453488
16.2413632453488
63.607581925272
16.2413632453488
16.2413632453488
16.2413632453488
16.2413632453488
16.2413632453488
16.2413632453488
16.2413632453488
16.2413632453488
16.2413632453488
16.2413632453488
3.50822247194549
16.2413632453488
16.2413632453488
16.2413632453488
16.2413632453488
9.57232757167007
16.2413632453488
16.2413632453488
16.2413632453488
16.2413632453488
16.2413632453488
16.2413632453488
16.2413632453488
16.2413632453488
16.2413632453488
16.2413632453488
16.2413632453488
16.2413632453488
16.2413632453488
16.2413632453488
16.2413632453488
16.2413632453488
16.2413632453488
16.2413632453488
16.2413632453488
16.2413632453488
7.47163277835776
16.2413632453488
16.2413632453488
16.2413632453488
16.2413632453488
16.2413632453488
16.2413632453488
16.2413632453488
16.2413632453488
16.2413632453488
16.2413632453488
16.2413632453488
16.2413632453488
16.2413632453488
16.2413632453488
16.2413632453488
16.2413632453488
16.2413632453488
16.2413632453488
16.2413632453488
16.2413632453488
16.2413632453488
33.2074269167929
16.2413632453488
16.2413632453488
16.2413632453488
16.2413632453488
16.2413632453488
16.2413632453488
16.2413632453488
16.2413632453488
16.2413632453488
16.2413632453488
16.2413632453488
16.2413632453488
37.5803757202637
16.2413632453488
16.2413632453488
16.2413632453488
16.2413632453488
16.2413632453488
16.2413632453488
28.0584827432279
16.2413632453488
16.2413632453488
16.2413632453488
16.2413632453488
5.68855125218541
29.9653480275264
16.2413632453488
16.2413632453488
16.2413632453488
16.2413632453488
16.2413632453488
16.2413632453488
30.9594959090723
16.2413632453488
16.2413632453488
16.2413632453488
19.5276212010043
16.2413632453488
24.6829576382199
16.2413632453488
16.2413632453488
16.2413632453488
16.2413632453488
16.2413632453488
16.2413632453488
16.2413632453488
16.2413632453488
16.2413632453488
37.3878577198367
16.2413632453488
16.2413632453488
16.2413632453488
16.2413632453488
16.2413632453488
16.2413632453488
16.2413632453488
7.53246815600184
16.2413632453488
3.08337120637233
16.2413632453488
16.2413632453488
16.2413632453488
16.2413632453488
22.194901180036
16.2413632453488
16.2413632453488
39.1394017688154
16.2413632453488
16.2413632453488
16.2413632453488
16.2413632453488
3.71970422336158
16.2413632453488
16.2413632453488
17.5643151893623
16.2413632453488
16.2413632453488
16.2413632453488
16.2413632453488
16.2413632453488
16.2413632453488
16.2413632453488
16.2413632453488
37.5095213363066
16.2413632453488
18.1017504688519
16.2413632453488
16.2413632453488
16.2413632453488
16.2413632453488
16.2413632453488
27.5922313286758
16.2413632453488
16.2413632453488
16.2413632453488
16.2413632453488
16.2413632453488
16.2413632453488
16.2413632453488
2.91948509417926
24.8144053373917
16.2413632453488
16.2413632453488
16.2413632453488
16.2413632453488
16.2413632453488
16.2413632453488
16.2413632453488
39.2848824365576
16.2413632453488
16.2413632453488
16.2413632453488
16.2413632453488
74.3194054988471
16.2413632453488
16.2413632453488
25.7618677058696
16.2413632453488
16.2413632453488
16.2413632453488
16.2413632453488
16.2413632453488
16.2413632453488
16.2413632453488
16.2413632453488
16.2413632453488
16.2413632453488
16.2413632453488
16.2413632453488
16.2413632453488
16.2413632453488
16.2413632453488
15.7717475668653
16.2413632453488
16.2413632453488
16.2413632453488
16.2413632453488
16.2413632453488
16.2413632453488
16.2413632453488
16.2413632453488
16.2413632453488
16.2413632453488
16.2413632453488
16.2413632453488
16.2413632453488
16.2413632453488
16.2413632453488
16.2413632453488
16.2413632453488
16.2413632453488
16.2413632453488
22.387977134287
33.5678145591648
16.2413632453488
16.2413632453488
16.2413632453488
16.2413632453488
16.2413632453488
16.2413632453488
16.2413632453488
16.2413632453488
16.2413632453488
16.2413632453488
35.8880426607561
9.86694899712244
16.2413632453488
16.2413632453488
16.2413632453488
10.7172587477625
16.2413632453488
16.2413632453488
16.2413632453488
16.2413632453488
16.2413632453488
16.2413632453488
16.2413632453488
16.2413632453488
16.2413632453488
16.2413632453488
1.95900630078274
13.7609281403707
15.3121811929211
2.78467656160117
15.5396583287434
16.2413632453488
15.5476216488254
16.2413632453488
16.2413632453488
16.2413632453488
6.20203848729209
16.2413632453488
16.2413632453488
16.2413632453488
16.2413632453488
16.2413632453488
10.4940660334687
16.2413632453488
38.9170514296966
16.2413632453488
16.2413632453488
16.2413632453488
16.2413632453488
11.6476977252028
15.5054819421026
16.2413632453488
16.2413632453488
20.3391812604825
13.4696349090971
1.89137307006731
16.2413632453488
3.06816945424161
16.2413632453488
2.01591858637287
16.2413632453488
14.3732339594715
16.2413632453488
16.2413632453488
16.4044746089375
31.2489662194424
16.2413632453488
16.2413632453488
16.2413632453488
16.2413632453488
16.2413632453488
16.2413632453488
7.90702018573418
16.2413632453488
16.2413632453488
16.2413632453488
16.2413632453488
17.3854427028582
16.2413632453488
13.3166813426859
16.2413632453488
2.44403567224607
16.2413632453488
16.2413632453488
16.2413632453488
16.2413632453488
16.2413632453488
16.2413632453488
16.2413632453488
16.2413632453488
16.2413632453488
16.2413632453488
16.2413632453488
16.2413632453488
16.2413632453488
16.2413632453488
16.2413632453488
16.2413632453488
16.2413632453488
16.2413632453488
16.2413632453488
16.2413632453488
16.2413632453488
16.2413632453488
16.2413632453488
16.2413632453488
16.2413632453488
16.2413632453488
16.2413632453488
16.2413632453488
16.2413632453488
16.2413632453488
16.2413632453488
16.2413632453488
16.2413632453488
16.2413632453488
16.2413632453488
16.2413632453488
16.2413632453488
16.2413632453488
16.2413632453488
16.2413632453488
16.2413632453488
16.2413632453488
16.2413632453488
16.2413632453488
16.2413632453488
16.2413632453488
16.2413632453488
16.2413632453488
16.2413632453488
16.2413632453488
16.2413632453488
16.2413632453488
16.2413632453488
16.2413632453488
16.2413632453488
16.2413632453488
16.2413632453488
16.2413632453488
16.2413632453488
16.2413632453488
16.2413632453488
16.2413632453488
16.2413632453488
16.2413632453488
16.2413632453488
16.2413632453488
16.2413632453488
16.2413632453488
16.2413632453488
16.2413632453488
16.2413632453488
16.2413632453488
16.9663921343906
16.2413632453488
16.2413632453488
16.2413632453488
16.2413632453488
16.2413632453488
16.2413632453488
25.5126184852903
16.2413632453488
16.2413632453488
16.2413632453488
16.2413632453488
16.2413632453488
60.9146634493999
16.2413632453488
16.2413632453488
16.2413632453488
16.2413632453488
16.2413632453488
16.2413632453488
16.2413632453488
16.2413632453488
16.2413632453488
16.2413632453488
16.2413632453488
16.2413632453488
16.2413632453488
16.2413632453488
16.2413632453488
16.2413632453488
16.2413632453488
16.2413632453488
16.2413632453488
16.2413632453488
16.2413632453488
16.2413632453488
16.2413632453488
16.2413632453488
16.2413632453488
16.2413632453488
16.2413632453488
16.2413632453488
16.2413632453488
16.2413632453488
16.2413632453488
16.2413632453488
16.2413632453488
16.2413632453488
16.2413632453488
16.2413632453488
16.2413632453488
16.2413632453488
16.2413632453488
16.2413632453488
16.2413632453488
16.2413632453488
16.2413632453488
16.2413632453488
16.2413632453488
16.2413632453488
16.2413632453488
16.2413632453488
16.2413632453488
16.2413632453488
16.2413632453488
16.2413632453488
16.2413632453488
16.2413632453488
16.2413632453488
16.2413632453488
16.2413632453488
16.2413632453488
16.2413632453488
16.2413632453488
16.2413632453488
16.2413632453488
26.9890179791631
16.2413632453488
16.2413632453488
1.81330710734671
16.2413632453488
16.2413632453488
16.2413632453488
16.2413632453488
16.2413632453488
16.2413632453488
16.2413632453488
16.2413632453488
16.2413632453488
16.2413632453488
44.9471320056181
16.2413632453488
16.2413632453488
37.2885235704198
16.2413632453488
16.2413632453488
16.2413632453488
16.2413632453488
16.2413632453488
16.2413632453488
16.2413632453488
16.2413632453488
16.2413632453488
16.2413632453488
16.2413632453488
16.2413632453488
16.2413632453488
16.2413632453488
16.2413632453488
16.2413632453488
16.2413632453488
16.2413632453488
16.2413632453488
16.2413632453488
16.2413632453488
16.2413632453488
16.2413632453488
16.2413632453488
16.2413632453488
18.1196864614882
16.2413632453488
16.2413632453488
16.2413632453488
16.2413632453488
16.2413632453488
16.2413632453488
16.2413632453488
16.2413632453488
16.2413632453488
16.2413632453488
16.2413632453488
16.2413632453488
16.2413632453488
16.2413632453488
16.2413632453488
16.2413632453488
16.2413632453488
16.2413632453488
16.2413632453488
3.77546937610947
16.2413632453488
16.2413632453488
16.2413632453488
16.2413632453488
16.2413632453488
53.334154030575
16.2413632453488
16.2413632453488
40.5276908561477
16.2413632453488
4.65075611113575
16.2413632453488
6.49440100265209
16.2413632453488
20.6815914856126
16.2413632453488
16.2413632453488
16.2413632453488
16.2413632453488
16.2413632453488
16.2413632453488
7.74231011527538
16.2413632453488
16.2413632453488
16.2413632453488
1.60940628619277
16.2413632453488
16.2413632453488
16.2413632453488
16.2413632453488
15.5010100528009
16.2413632453488
16.2413632453488
1.66877202778821
16.2413632453488
8.24548364266936
16.2413632453488
16.2413632453488
16.2413632453488
16.2413632453488
3.75100629252957
10.4554572333087
16.2413632453488
10.2692909628829
16.2413632453488
16.2413632453488
24.2929231300906
16.2413632453488
16.2413632453488
16.2413632453488
16.2413632453488
16.2413632453488
16.2413632453488
16.2413632453488
16.2413632453488
16.2413632453488
16.2413632453488
5.04326177012672
16.2413632453488
16.2413632453488
16.2413632453488
16.2413632453488
2.41531501669801
16.2413632453488
2.48219492665908
16.2413632453488
16.2413632453488
16.2413632453488
16.2413632453488
16.2413632453488
5.28556067619108
16.2413632453488
16.2413632453488
13.2685816370305
3.34761194185681
4.15963806851583
16.2413632453488
16.2413632453488
16.2413632453488
16.2413632453488
16.2413632453488
16.2413632453488
9.42746926879485
2.56003943532386
16.2413632453488
5.60324714298299
16.2413632453488
12.4063724311723
16.2413632453488
6.35052250749926
5.26742806282954
10.3370135970634
16.2413632453488
2.67599524661813
16.2413632453488
16.2413632453488
16.2413632453488
16.2413632453488
16.2413632453488
5.44043653451048
3.10997108233706
16.2413632453488
16.2413632453488
38.0216143738236
16.2413632453488
16.2413632453488
51.5697873835397
2.74696974630701
16.2413632453488
2.01293861508304
25.1053556883032
47.9913199004102
16.2413632453488
22.9957426710295
12.9313756422594
16.2413632453488
16.2413632453488
16.2413632453488
16.2413632453488
16.2413632453488
2.26754551442924
16.2413632453488
16.2413632453488
16.2413632453488
19.0355233176551
13.5810700406899
37.0158446381642
16.2413632453488
5.29096820594798
16.2413632453488
16.2413632453488
16.2413632453488
36.9417932794477
13.4812154623214
3.76644905747146
16.2413632453488
16.2413632453488
3.00728589573367
3.00728589573367
16.2413632453488
53.1076307093883
53.0602107263226
16.2413632453488
16.2413632453488
12.1996751438266
16.2413632453488
16.2413632453488
8.14999807264553
16.2413632453488
16.2413632453488
16.2413632453488
45.7705585153749
20.5696490772964
16.2413632453488
16.2413632453488
76.0105768364891
16.2413632453488
32.3906411913046
10.9813536486571
16.2413632453488
16.2413632453488
9.43092009214007
3.3004846852135
16.2413632453488
2.90653557348165
16.2413632453488
16.2413632453488
16.2413632453488
16.2413632453488
28.8616274297525
15.6525358557662
17.6941297490139
16.2413632453488
74.570705904509
16.2413632453488
16.2413632453488
3.37941465588027
16.2413632453488
26.9664901936871
36.4711473427426
16.2413632453488
16.2413632453488
45.9865681203038
16.2413632453488
16.2413632453488
49.588882623998
5.55478544991123
16.2413632453488
16.2413632453488
16.897962604669
16.2413632453488
16.2413632453488
21.3181006407484
16.2413632453488
16.2413632453488
16.2413632453488
16.2413632453488
16.2413632453488
5.98245925063472
16.2413632453488
16.2413632453488
16.2413632453488
30.8960050215259
16.2413632453488
28.6727983014245
55.152933105119
31.1050232954208
32.6869416598942
16.2413632453488
61.9225563792189
16.2413632453488
16.2413632453488
16.2413632453488
16.2413632453488
16.2413632453488
4.35120176829692
16.2413632453488
16.2413632453488
16.2413632453488
16.2413632453488
16.2413632453488
16.2413632453488
16.2413632453488
16.2413632453488
34.6454929313379
39.3350868679873
16.2413632453488
16.2413632453488
14.4450326950072
16.2413632453488
16.2413632453488
13.8482822036511
16.2413632453488
16.2413632453488
16.2413632453488
16.2413632453488
16.2413632453488
16.2413632453488
16.2413632453488
16.2413632453488
16.2413632453488
16.2413632453488
52.2561668743653
16.2413632453488
16.2413632453488
16.2413632453488
16.2413632453488
16.2413632453488
16.2413632453488
16.2413632453488
16.2413632453488
16.2413632453488
16.2413632453488
16.2413632453488
16.2413632453488
61.0007880367408
16.2413632453488
6.74771147255831
16.2413632453488
16.2413632453488
16.2413632453488
16.2413632453488
16.2413632453488
16.2413632453488
16.2413632453488
16.2413632453488
50.170283269233
16.2413632453488
16.2413632453488
3.3167834021131
16.2413632453488
16.2413632453488
16.2413632453488
16.2413632453488
16.2413632453488
16.2413632453488
16.2413632453488
16.2413632453488
16.2413632453488
16.2413632453488
16.2413632453488
16.2413632453488
16.2413632453488
16.2413632453488
16.2413632453488
16.2413632453488
16.2413632453488
16.2413632453488
16.2413632453488
16.2413632453488
16.2413632453488
16.2413632453488
16.2413632453488
16.2413632453488
16.2413632453488
16.2413632453488
16.2413632453488
16.2413632453488
16.2413632453488
16.2413632453488
16.2413632453488
16.2413632453488
16.2413632453488
21.5232664770118
16.2413632453488
16.2413632453488
16.2413632453488
16.2413632453488
16.2413632453488
16.2413632453488
16.2413632453488
16.2413632453488
16.2413632453488
16.2413632453488
16.2413632453488
16.2413632453488
16.2413632453488
16.2413632453488
16.2413632453488
16.2413632453488
16.2413632453488
16.2413632453488
16.2413632453488
16.2255586422952
16.2413632453488
16.2413632453488
16.2413632453488
16.2413632453488
16.2413632453488
16.2413632453488
16.2413632453488
16.2413632453488
16.2413632453488
25.6399924473922
16.2413632453488
16.2413632453488
16.2413632453488
16.2413632453488
16.2413632453488
16.2413632453488
16.2413632453488
16.2413632453488
16.2413632453488
31.1208681895483
44.761873658594
16.2413632453488
16.2413632453488
16.2413632453488
16.2413632453488
16.2413632453488
16.2413632453488
16.2413632453488
16.2413632453488
16.2413632453488
16.2413632453488
16.2413632453488
16.2413632453488
16.2413632453488
35.7447945041452
16.2413632453488
16.2413632453488
16.2413632453488
2.42214226546029
16.2413632453488
12.9198206164291
16.2413632453488
16.2413632453488
16.2413632453488
16.2413632453488
16.2413632453488
16.2413632453488
16.2413632453488
16.2413632453488
16.2413632453488
60.5068524051708
16.2413632453488
16.2413632453488
1.97563765281125
16.2413632453488
16.2413632453488
16.2413632453488
16.2413632453488
16.2413632453488
16.2413632453488
16.2413632453488
16.2413632453488
16.2413632453488
16.2413632453488
16.2413632453488
16.2413632453488
16.2413632453488
16.2413632453488
16.2413632453488
16.2413632453488
16.2413632453488
16.2413632453488
16.2413632453488
16.2413632453488
16.2413632453488
16.2413632453488
16.2413632453488
16.2413632453488
16.2413632453488
16.2413632453488
16.2413632453488
16.2413632453488
16.2413632453488
16.2413632453488
16.2413632453488
16.2413632453488
16.2413632453488
16.2413632453488
16.2413632453488
4.1431491749198
16.2413632453488
16.2413632453488
10.1554343255903
16.2413632453488
35.9260215284528
6.25708999381252
16.2413632453488
16.2413632453488
16.2413632453488
16.2413632453488
13.2419629057561
68.3858455909117
16.2413632453488
16.2413632453488
16.2413632453488
16.2413632453488
16.2413632453488
16.2413632453488
16.2413632453488
16.2413632453488
16.2413632453488
16.2413632453488
16.2413632453488
16.2413632453488
16.2413632453488
16.2413632453488
16.2413632453488
16.2413632453488
16.2413632453488
16.2413632453488
16.2413632453488
16.2413632453488
16.2413632453488
16.2413632453488
16.2413632453488
16.2413632453488
16.2413632453488
16.2413632453488
16.2413632453488
16.2413632453488
16.2413632453488
16.2413632453488
16.2413632453488
16.2413632453488
16.2413632453488
16.2413632453488
16.2413632453488
16.2413632453488
16.2413632453488
16.2413632453488
16.2413632453488
16.2413632453488
16.2413632453488
16.2413632453488
16.2413632453488
16.2413632453488
16.2413632453488
16.2413632453488
16.2413632453488
16.2413632453488
16.2413632453488
16.2413632453488
16.2413632453488
16.2413632453488
16.2413632453488
16.2413632453488
16.2413632453488
16.2413632453488
16.2413632453488
16.2413632453488
16.2413632453488
16.2413632453488
16.2413632453488
16.2413632453488
16.2413632453488
16.2413632453488
16.2413632453488
16.2413632453488
16.2413632453488
16.2413632453488
16.2413632453488
16.2413632453488
16.2413632453488
16.2413632453488
16.2413632453488
16.2413632453488
16.2413632453488
16.2413632453488
16.2413632453488
16.2413632453488
16.2413632453488
16.2413632453488
16.2413632453488
16.2413632453488
16.2413632453488
16.2413632453488
16.2413632453488
13.1854435949475
18.332897416587
2.14162899907026
16.2413632453488
25.3218848867251
48.9153283965268
16.2413632453488
16.2413632453488
13.0970469547362
16.2413632453488
42.6778017504325
16.2413632453488
15.9663630371154
16.2413632453488
27.2245740026719
21.4038997447727
16.2413632453488
16.2413632453488
16.2413632453488
3.21174665288695
16.9881570040752
16.2413632453488
16.2413632453488
16.2413632453488
16.2413632453488
2.30384059758092
16.2413632453488
2.58258706432978
16.2413632453488
4.7576489654751
17.8178517565696
16.2413632453488
25.4247581959014
1.3545245290235
16.2413632453488
16.2413632453488
16.2413632453488
16.2413632453488
16.2413632453488
16.2413632453488
16.2413632453488
16.2413632453488
16.2413632453488
16.2413632453488
40.9958282898353
16.2413632453488
16.2413632453488
16.2413632453488
16.2413632453488
16.2413632453488
16.2413632453488
16.2413632453488
16.2413632453488
16.2413632453488
5.49684483273682
16.2413632453488
16.2413632453488
16.2413632453488
16.2413632453488
9.32440150012564
16.2413632453488
33.2443132329717
16.2413632453488
16.2413632453488
16.2413632453488
14.2254611351097
16.2413632453488
16.2413632453488
16.2413632453488
16.2413632453488
2.40001453358917
16.2413632453488
16.2413632453488
16.2413632453488
16.2413632453488
10.0462681892609
2.70110333455127
12.379442974913
16.2413632453488
16.2413632453488
16.2413632453488
16.2413632453488
16.2413632453488
16.2413632453488
16.2413632453488
16.2413632453488
16.2413632453488
16.2413632453488
16.2413632453488
3.13139963853637
16.2413632453488
16.2413632453488
3.5464314118434
16.2413632453488
16.2413632453488
16.2413632453488
16.2413632453488
12.3216376194809
16.2413632453488
11.7252221705341
16.2413632453488
16.2413632453488
16.2413632453488
16.2413632453488
16.2413632453488
28.6194398844365
16.2413632453488
16.2413632453488
16.2413632453488
16.2413632453488
55.2293837148
16.2413632453488
16.2413632453488
16.2413632453488
16.2413632453488
23.0977082015854
3.99594495457465
16.2413632453488
16.2413632453488
21.7288379299874
16.2413632453488
18.4262619079961
8.4072449483495
24.0437937985636
14.5205107257655
16.2413632453488
24.2061688264507
16.2413632453488
16.2413632453488
16.2413632453488
16.2413632453488
16.2413632453488
16.2413632453488
16.2413632453488
16.2413632453488
16.2413632453488
16.2413632453488
16.2413632453488
16.2413632453488
8.19917337812908
34.4916177576132
16.2413632453488
25.720200467663
16.2413632453488
16.2413632453488
18.158327076773
16.2413632453488
37.1143700605918
16.2413632453488
2.77926167578438
16.2413632453488
16.2413632453488
16.2413632453488
4.91304411265062
16.2413632453488
16.2413632453488
16.2413632453488
16.2413632453488
40.6073211006518
16.2413632453488
16.2413632453488
16.2413632453488
16.2413632453488
16.2413632453488
16.2413632453488
16.2413632453488
16.2413632453488
16.2413632453488
62.1949158558051
16.2413632453488
28.6009834935456
16.2413632453488
16.2413632453488
16.2413632453488
16.2413632453488
16.2413632453488
31.6799168283917
16.2413632453488
40.133391070237
16.2413632453488
16.2413632453488
16.2413632453488
16.2413632453488
16.2413632453488
16.2413632453488
16.2413632453488
16.2413632453488
16.2413632453488
16.2413632453488
16.2413632453488
16.2413632453488
16.2413632453488
43.8346568741186
43.7859300316417
16.2413632453488
16.2413632453488
16.2413632453488
1.69138433500088
16.2413632453488
2.12285526590779
16.2413632453488
16.2413632453488
16.2413632453488
16.2413632453488
16.2413632453488
16.2413632453488
16.2413632453488
16.2413632453488
16.2413632453488
16.2413632453488
16.2413632453488
16.2413632453488
16.2413632453488
16.2413632453488
16.2413632453488
16.2413632453488
16.2413632453488
16.2413632453488
16.2413632453488
16.2413632453488
16.2413632453488
16.2413632453488
16.2413632453488
16.2413632453488
16.2413632453488
16.2413632453488
16.2413632453488
2.36762235385484
16.2413632453488
16.2413632453488
16.2413632453488
16.2413632453488
16.2413632453488
16.2413632453488
44.1449209250702
16.2413632453488
16.2413632453488
16.2413632453488
2.64421629148607
16.2413632453488
21.277655005941
16.2413632453488
14.2191101199803
16.2413632453488
42.0155029142041
16.2413632453488
16.2413632453488
4.09859533922128
16.2413632453488
16.2413632453488
16.2413632453488
16.2413632453488
16.2413632453488
31.7540403649809
48.2601036460345
16.2413632453488
16.2413632453488
16.2413632453488
16.2413632453488
16.2413632453488
25.4975491361311
24.3073107898981
3.17891884247018
16.2413632453488
16.2413632453488
16.2413632453488
42.8801684006377
16.2413632453488
16.2413632453488
16.2413632453488
16.2413632453488
16.2413632453488
16.2413632453488
16.2413632453488
16.2413632453488
16.2413632453488
16.2413632453488
33.8778041934913
25.5584668717224
4.87310713610932
8.61604054341284
16.2413632453488
16.2413632453488
16.2413632453488
16.2413632453488
16.2413632453488
17.0903447376248
16.2413632453488
16.2413632453488
16.2413632453488
14.4893967001552
35.0922390258146
16.2413632453488
28.1548952957964
2.06031722822565
26.0030085091523
52.6592498953454
72.8535097208036
16.2413632453488
16.2413632453488
44.3217107625231
29.1320753938264
16.2413632453488
22.1145859723308
27.7711225867162
16.2413632453488
16.2413632453488
16.2413632453488
10.2285568321187
1.53568690827485
16.2413632453488
16.2413632453488
16.2413632453488
16.2413632453488
16.2413632453488
16.2413632453488
16.2413632453488
16.2413632453488
16.2413632453488
16.2413632453488
16.2413632453488
16.2413632453488
16.2413632453488
16.2413632453488
16.2413632453488
16.2413632453488
16.2413632453488
16.2413632453488
6.38931268875849
16.2413632453488
16.2413632453488
16.2413632453488
16.2413632453488
16.2413632453488
16.2413632453488
18.0441101181591
16.2413632453488
2.30065524380603
16.2413632453488
16.2413632453488
16.2413632453488
16.2413632453488
10.110128041009
16.2413632453488
16.2413632453488
16.2413632453488
16.2413632453488
16.2413632453488
16.2413632453488
16.2413632453488
16.2413632453488
16.2413632453488
16.2413632453488
16.2413632453488
16.2413632453488
74.8718257292526
16.2413632453488
16.2413632453488
16.2413632453488
53.3781924402118
16.2413632453488
16.2413632453488
70.3222020552249
16.2413632453488
16.2413632453488
16.2413632453488
16.2413632453488
2.78301468858244
16.2413632453488
16.2413632453488
2.87680744219369
16.2413632453488
16.2413632453488
16.2413632453488
56.0897435985054
16.2413632453488
16.2413632453488
16.2413632453488
16.2413632453488
16.2413632453488
16.2413632453488
16.2413632453488
16.2413632453488
16.2413632453488
16.2413632453488
16.2413632453488
16.2413632453488
16.2413632453488
16.2413632453488
16.2413632453488
16.2413632453488
16.2413632453488
16.2413632453488
16.2413632453488
16.2413632453488
16.2413632453488
16.2413632453488
16.2413632453488
16.2413632453488
16.2413632453488
16.2413632453488
16.2413632453488
16.2413632453488
16.2413632453488
16.2413632453488
16.2413632453488
16.2413632453488
16.2413632453488
16.2413632453488
16.2413632453488
16.2413632453488
16.2413632453488
16.2413632453488
16.2413632453488
16.2413632453488
2.44606059973765
16.2413632453488
16.2413632453488
16.2413632453488
16.2413632453488
16.2413632453488
16.6574666170772
29.6387054398895
16.2413632453488
16.2413632453488
16.2413632453488
16.2413632453488
10.0595568648036
29.307171597952
19.5415989061231
15.7655924841974
16.2413632453488
7.41922888072442
3.85170018156896
16.2413632453488
4.97219412013352
16.2413632453488
1.66717735589767
16.2413632453488
16.2413632453488
3.50141714567152
16.2413632453488
16.2413632453488
7.00996966081888
16.2413632453488
20.9683994817374
23.8595804778507
14.7374012541678
16.2413632453488
16.2413632453488
10.7253675785955
16.2413632453488
11.2445774524135
16.2413632453488
16.2413632453488
16.2413632453488
10.605374344351
8.86983257065355
5.70752611979459
16.080727289449
16.2413632453488
16.2413632453488
16.2413632453488
4.04352607976451
23.8982325663415
16.2413632453488
19.4584565678734
16.2413632453488
16.2413632453488
16.2413632453488
16.2413632453488
16.2413632453488
6.20396279761073
23.4547439091903
16.2413632453488
38.5778223213819
16.2413632453488
16.2413632453488
16.2413632453488
16.2413632453488
16.2413632453488
16.2413632453488
16.2413632453488
16.2413632453488
16.2413632453488
16.2413632453488
28.9558692733987
16.2413632453488
16.2413632453488
16.2413632453488
16.2413632453488
13.5078632526847
16.2413632453488
16.2413632453488
16.2413632453488
41.088050461923
37.4383584979653
16.2413632453488
57.2753084443006
16.2413632453488
16.2413632453488
16.2413632453488
16.2413632453488
16.2413632453488
16.2413632453488
18.8371480122042
16.2413632453488
1.85519908525878
21.2823722144649
22.5756286149212
16.2413632453488
32.6078939843113
16.2413632453488
16.2413632453488
16.2413632453488
16.2413632453488
20.5920373004482
16.2413632453488
16.2413632453488
55.865549688785
42.7747856379617
16.2413632453488
16.2413632453488
16.2413632453488
16.2413632453488
16.2413632453488
16.2413632453488
56.6475064288332
16.2413632453488
16.2413632453488
17.898493930915
3.70158734557287
16.2413632453488
52.7079121915516
16.2413632453488
52.7666935868435
16.2413632453488
39.669164336145
12.5665048370538
59.0566903980862
28.0103140995862
8.42755583489713
14.8770777279826
16.2413632453488
16.2413632453488
24.9088287013629
10.1630984055641
11.8736635551161
16.2413632453488
16.2413632453488
10.8248893892775
16.2413632453488
7.37636547068675
30.0394374586598
16.2413632453488
3.10698590296688
16.2413632453488
16.2413632453488
16.2413632453488
6.32889424954434
35.627179324555
16.2413632453488
9.12963701784385
6.71315623378209
11.1921831298011
1.82748694855276
16.2413632453488
4.14422523168158
7.19833469240571
38.0799164221666
7.55855464501408
16.2413632453488
16.2413632453488
16.2413632453488
27.7578482895195
48.1480134284633
16.2413632453488
23.956445423771
16.2413632453488
16.2413632453488
16.2413632453488
2.21157651478911
16.2413632453488
24.5098143234761
24.4322714756236
16.2413632453488
2.71156726024917
16.2413632453488
16.2413632453488
16.2413632453488
21.2006299569083
16.2413632453488
16.2413632453488
16.2413632453488
8.5535285594489
41.8638865065356
16.2413632453488
16.2413632453488
16.2413632453488
19.9246395113796
16.2413632453488
16.2413632453488
27.4426164461121
2.36743303460896
37.1164017366849
50.6563307778715
16.2413632453488
8.41469509394331
16.2413632453488
23.1778316038947
16.2413632453488
16.2413632453488
16.2413632453488
41.166042186064
16.2413632453488
16.2413632453488
16.2413632453488
16.2413632453488
16.2413632453488
55.2403056466694
16.2413632453488
2.00205195617342
43.840685100236
16.2413632453488
16.2413632453488
16.6500612015431
25.3385661664857
15.9642238153782
16.2413632453488
19.4250886059753
16.2413632453488
46.0840618148434
16.2413632453488
16.2413632453488
16.2413632453488
16.2413632453488
16.2413632453488
16.2413632453488
16.2413632453488
16.2413632453488
16.2413632453488
16.2413632453488
12.8764729712763
16.2413632453488
16.2413632453488
43.8677411817755
16.2413632453488
13.2844278634392
16.2413632453488
16.2413632453488
16.2413632453488
16.2413632453488
16.2413632453488
16.2413632453488
43.0426562420398
22.0934216684697
16.2413632453488
16.2413632453488
16.2413632453488
16.2413632453488
16.2413632453488
16.2413632453488
16.2413632453488
12.6125715217487
5.46415860447004
16.2413632453488
16.2413632453488
16.2413632453488
16.2413632453488
16.2413632453488
16.2413632453488
16.2413632453488
16.2413632453488
16.2413632453488
16.2413632453488
16.2413632453488
34.8918040886178
16.2413632453488
16.2413632453488
16.2413632453488
16.2413632453488
16.2413632453488
16.2413632453488
16.2413632453488
16.2413632453488
16.2413632453488
16.2413632453488
16.2413632453488
14.5590542509768
16.2413632453488
16.2413632453488
30.3024728674513
16.2413632453488
16.2413632453488
62.1625245815221
26.6114399222967
16.2413632453488
16.2413632453488
18.9859274963696
2.70438382963429
64.8844902382618
16.2413632453488
16.2413632453488
16.2413632453488
16.2413632453488
16.2413632453488
16.2413632453488
5.51360012835227
16.2413632453488
6.86691819391773
34.6328891988416
21.7804100443794
16.2413632453488
16.2413632453488
16.2413632453488
16.2413632453488
16.2413632453488
16.2413632453488
1.55923605157108
16.2413632453488
16.2413632453488
16.2413632453488
9.87730784062246
16.2413632453488
16.2413632453488
16.2413632453488
16.2413632453488
26.2168705747219
16.2413632453488
16.2413632453488
16.2413632453488
16.2413632453488
16.2413632453488
16.2413632453488
64.1720315263015
18.6297579074751
16.2413632453488
52.0023174034914
12.1612729765077
16.2413632453488
16.2413632453488
16.2413632453488
16.2413632453488
17.2948260181619
63.4868165368751
16.2413632453488
16.2413632453488
16.2413632453488
16.2413632453488
16.2413632453488
16.2413632453488
30.6628262093923
5.78972038892651
16.2413632453488
16.2413632453488
16.2413632453488
16.2413632453488
16.2413632453488
16.2413632453488
16.2413632453488
59.9294006466798
16.2413632453488
16.2413632453488
16.2413632453488
24.4954312776466
16.2413632453488
12.3527307297521
16.2413632453488
16.2413632453488
16.2413632453488
16.2413632453488
16.2413632453488
16.2413632453488
16.2413632453488
16.2413632453488
16.2413632453488
16.2413632453488
16.2413632453488
16.2413632453488
6.25165574803897
16.2413632453488
16.2413632453488
10.6746179940598
16.2413632453488
16.2413632453488
16.2413632453488
16.2413632453488
16.2413632453488
12.9842838706675
9.52453358095159
16.2413632453488
16.2413632453488
4.49348356974135
16.2413632453488
16.2413632453488
16.2413632453488
8.44226639461957
16.2413632453488
16.2413632453488
16.2413632453488
16.2413632453488
22.9643962479507
16.2413632453488
16.2413632453488
16.2413632453488
4.48677403992946
16.2413632453488
16.2413632453488
16.2413632453488
14.7093061613847
16.2413632453488
8.33168542568682
16.2413632453488
16.2413632453488
16.2413632453488
2.7449531631795
16.2413632453488
16.2413632453488
16.2413632453488
16.2413632453488
16.2413632453488
16.2413632453488
16.2413632453488
16.2413632453488
16.2413632453488
35.7575771407249
16.2413632453488
28.9872427087289
16.2413632453488
16.2413632453488
16.2413632453488
16.2413632453488
23.0583389550781
16.2413632453488
16.2413632453488
58.6517355501871
16.2413632453488
16.2413632453488
16.2413632453488
50.6662456217167
16.2413632453488
3.44464162191957
16.2413632453488
16.2413632453488
16.2413632453488
42.2927470529939
16.2413632453488
16.2413632453488
16.2413632453488
16.2413632453488
16.2413632453488
16.2413632453488
16.2413632453488
26.8834491618558
28.4533208681008
16.2413632453488
16.2413632453488
16.2413632453488
16.2413632453488
16.2413632453488
16.2413632453488
16.2413632453488
13.2245191885249
16.2413632453488
16.2413632453488
16.2413632453488
16.2413632453488
6.9537791141989
16.2413632453488
16.2413632453488
13.9760807885429
50.4662035326708
16.2413632453488
16.2413632453488
16.2413632453488
49.0491614272621
16.2413632453488
50.4600900141255
16.2413632453488
16.2413632453488
16.2413632453488
18.3188152713901
16.2413632453488
16.2413632453488
16.2413632453488
16.2413632453488
16.2413632453488
32.8725163255433
16.2413632453488
16.2413632453488
16.2413632453488
16.2413632453488
16.2413632453488
16.2413632453488
16.2413632453488
16.2413632453488
16.2413632453488
16.2413632453488
16.2413632453488
16.2413632453488
16.2413632453488
16.2413632453488
16.2413632453488
16.2413632453488
16.2413632453488
16.2413632453488
16.2413632453488
16.2413632453488
16.2413632453488
16.2413632453488
16.2413632453488
16.2413632453488
16.2413632453488
16.2413632453488
16.2413632453488
16.2413632453488
16.2413632453488
16.2413632453488
16.2413632453488
16.2413632453488
16.2413632453488
16.2413632453488
16.2413632453488
16.2413632453488
16.2413632453488
16.2413632453488
16.2413632453488
16.2413632453488
16.2413632453488
48.4823145668262
16.2413632453488
16.2413632453488
16.2413632453488
16.2413632453488
16.2413632453488
16.2413632453488
16.2413632453488
25.0342929731778
16.2413632453488
16.2413632453488
16.2413632453488
16.2413632453488
1.35238912867656
16.2413632453488
16.2413632453488
16.2413632453488
16.2413632453488
16.2413632453488
16.2413632453488
16.2413632453488
16.2413632453488
16.2413632453488
16.2413632453488
16.2413632453488
16.2413632453488
16.2413632453488
2.5112777522823
16.2413632453488
16.2413632453488
16.2413632453488
16.2413632453488
16.2413632453488
16.2413632453488
16.2413632453488
16.2413632453488
16.2413632453488
16.2413632453488
16.2413632453488
16.2413632453488
16.2413632453488
2.31213227904261
16.2413632453488
16.2413632453488
16.2413632453488
16.2413632453488
16.3860927473844
16.2413632453488
16.2413632453488
16.2413632453488
16.2413632453488
16.2413632453488
16.2413632453488
16.2413632453488
16.2413632453488
16.6028144773051
16.2413632453488
16.2413632453488
16.2413632453488
16.2413632453488
16.2413632453488
16.2413632453488
16.2413632453488
16.2413632453488
16.2413632453488
16.2413632453488
16.2413632453488
16.2413632453488
16.2413632453488
16.2413632453488
16.2413632453488
16.2413632453488
16.2413632453488
16.2413632453488
16.2413632453488
16.2413632453488
16.2413632453488
16.2413632453488
9.51902485064118
16.2413632453488
16.2413632453488
16.2413632453488
66.346406224099
16.2413632453488
16.2413632453488
16.2413632453488
16.2413632453488
16.2413632453488
16.2413632453488
16.2413632453488
16.2413632453488
16.2413632453488
86.5693551905351
16.2413632453488
6.56241223621558
16.2413632453488
16.2413632453488
16.2413632453488
16.2413632453488
16.2413632453488
16.2413632453488
16.2413632453488
16.2413632453488
16.2413632453488
16.2413632453488
42.7191940741994
5.77053985218949
16.2413632453488
55.8783524891016
47.1450355820599
16.2413632453488
16.2413632453488
16.2413632453488
16.2413632453488
27.2020606502776
16.2413632453488
16.2413632453488
16.2413632453488
19.9357778207478
16.2413632453488
16.2413632453488
16.2413632453488
16.2413632453488
16.2413632453488
25.9997206604835
35.1045171391278
16.2413632453488
16.2413632453488
1.73468167320129
1.95504642838245
16.2413632453488
2.75061487986964
16.2413632453488
16.2413632453488
16.2413632453488
16.2413632453488
16.2413632453488
19.2481004278356
16.2413632453488
10.1005586987709
16.2413632453488
3.45275987516791
12.0829103511043
16.2413632453488
16.2413632453488
16.2413632453488
16.2413632453488
16.2413632453488
16.2413632453488
11.2003679518697
16.2413632453488
16.2413632453488
24.9305016857424
16.2413632453488
16.2413632453488
16.2413632453488
16.2413632453488
16.2413632453488
16.2413632453488
16.2413632453488
26.0789075988474
16.2413632453488
16.2413632453488
16.2413632453488
28.1066543044625
16.2413632453488
16.2413632453488
16.2413632453488
16.2413632453488
16.2413632453488
16.2413632453488
16.2413632453488
16.2413632453488
16.2413632453488
16.2413632453488
16.2413632453488
16.2413632453488
16.2413632453488
16.2413632453488
16.2413632453488
16.2413632453488
16.2413632453488
16.2413632453488
16.2413632453488
16.2413632453488
16.2413632453488
16.2413632453488
16.2413632453488
16.2413632453488
23.4832239684439
16.2413632453488
16.2413632453488
16.2413632453488
16.2413632453488
16.2413632453488
16.2413632453488
16.2413632453488
64.1069180872622
16.2413632453488
16.2413632453488
16.2413632453488
16.2413632453488
16.2413632453488
16.2413632453488
16.2413632453488
16.2413632453488
16.2413632453488
28.4771968477158
54.8173163755925
16.2413632453488
16.2413632453488
16.2413632453488
16.2413632453488
16.2413632453488
16.2413632453488
16.2413632453488
16.2413632453488
16.2413632453488
16.2413632453488
16.2413632453488
16.2413632453488
16.2413632453488
16.2413632453488
7.80784199230804
16.2413632453488
16.2413632453488
16.2413632453488
16.2413632453488
16.2413632453488
16.2413632453488
11.3114079573233
16.2413632453488
16.2413632453488
21.6766248469399
16.2413632453488
16.8614537641394
16.2413632453488
16.2413632453488
16.2413632453488
56.3922382448914
8.9665034000718
16.2413632453488
9.27005635764275
16.2413632453488
8.63106652313125
16.2413632453488
16.2413632453488
16.2413632453488
16.2413632453488
16.2413632453488
16.2413632453488
42.5021648100567
16.2413632453488
16.2413632453488
33.4420940591213
16.2413632453488
46.6800082685596
16.2413632453488
16.2413632453488
24.3304999498376
27.3990553488596
16.2413632453488
16.2413632453488
16.2413632453488
48.0381990797887
21.4818863465481
16.2413632453488
16.2413632453488
21.7576899689098
16.2413632453488
16.2413632453488
36.857609756008
16.2413632453488
16.2413632453488
16.2413632453488
16.2413632453488
16.2413632453488
16.2413632453488
24.4627524349851
16.2413632453488
61.4004720865922
24.5238619142498
11.7636744578402
16.2413632453488
20.1115096512907
8.3769308108936
30.6030495027993
7.43105059518869
16.2413632453488
18.8766891590911
27.185657986174
5.29309128928929
44.4967947747357
16.2413632453488
16.2413632453488
16.2413632453488
16.2413632453488
16.2413632453488
16.2413632453488
16.2413632453488
16.2413632453488
16.2413632453488
16.2413632453488
16.2413632453488
16.2413632453488
16.2413632453488
16.2413632453488
16.2413632453488
16.2413632453488
16.2413632453488
16.2413632453488
71.7759321735748
16.2413632453488
57.9398767588397
16.2413632453488
16.2413632453488
16.2413632453488
16.2413632453488
