14.7183532221696
14.7183532221696
11.3962315294452
14.7183532221696
14.7183532221696
14.7183532221696
14.7183532221696
14.7183532221696
14.7183532221696
14.7183532221696
17.3208165984812
14.7183532221696
14.7183532221696
14.7183532221696
14.7183532221696
14.7183532221696
14.7183532221696
14.7183532221696
14.7183532221696
15.3137894731233
14.7183532221696
59.395873797071
1.63222217237609
1.63305060830138
14.7183532221696
14.7183532221696
14.7183532221696
14.1229169712159
14.7183532221696
14.7183532221696
20.8971514661563
14.7183532221696
2.00202783230617
14.7183532221696
1.80111327545575
14.7183532221696
14.7183532221696
1.51335877558979
14.7183532221696
14.7183532221696
14.7183532221696
14.7183532221696
14.7183532221696
3.98386230484163
14.7183532221696
37.7310169282315
14.7183532221696
14.7183532221696
15.8190508846976
14.7183532221696
29.1293172652744
14.7183532221696
14.7183532221696
26.8214508676917
14.7183532221696
14.7183532221696
