822083
5463
37051
4485414
10039107
1927852
1476601
881549
546695
3338330
2003554
43150
16831
1552058
447643
522798
1160437
258826
137744
494336
136034
2252782
1671329
417025
403253
19453561
398329
766573
14530
706775
89886
60760
1153526
1111761
932202
967506
811688
77200
84769
184313
98535
10582
34774
471519
1356924
590551
4713325
462789
220500
727211
55127
839238
1952778
23423
43783
974563
56072
42406
11519
10867
325789
74470
651552
566747
39402
411406
66551
355481
42754
999101
157327
2470546
273213
705749
11880
210738
553284
760141
936250
8445
124944
994205
81948
229863
20643
68238
35470
1147532
47935
22347
52646
170311
67256
255441
830622
105089
501826
177573
319785
694144
25274
271473
1047279
180080
656590
356899
20490
15749
11131
93206
909327
672391
618795
19972
1235072
46253
1034730
449974
762148
846006
17462
269043
384902
553947
974996
13392
7886
5745
20220
21457
27037
10953
1257584
356921
445349
812855
1584064
18453
9292
19775
193134
158348
2635516
2102515
260213
413538
129205
229247
550660
17767
558753
2716940
264672
107738
58595
7016
36664
60964
28762
827370
158293
74897
679121
150358
16637
11998
370606
197692
129749
77950
628270
10603
6901
123945
163774
236842
85141
290536
103403
404198
30485
288000
34027
466195
180333
8508
11157
1496770
433742
24258
29791
165429
108277
292406
762
63888
9397
367601
20026
1265843
161075
19819
30026
55916
12388
38880
294218
61319
216453
382295
11085
30587
197938
197974
418187
11710
55809
3664
159428
107766
76523
22802
470335
57532
75061
250873
27511
23437
209355
62808
9700
168424
25638
42145
324492
23460
57963
50557
481587
187853
402022
260419
110461
9932
579234
163257
103126
26143
21761
873972
18289
28065
28183
55535
114434
69432
34915
161300
607186
155299
797434
17297
5586
8461
332285
362924
342139
232751
1273954
53016
51439
945726
196311
115340
39261
44890
8441
283111
326196
154210
891720
854757
148509
72293
9429
23464
922921
194672
26734
109888
3834
95222
19788
14930
127039
97614
42837
212990
48479
2327
119600
58758
146748
190488
40591
102180
16231
102139
135976
67006
309833
91987
1216045
192122
298750
46341
374264
230191
55062
352802
136215
22425
171907
99386
14224
2180085
446499
2225
16124
149657
14619
17549
87956
13595
167417
38632
55175
13687
47244
19830
593490
466372
521202
31127
18612
231840
269728
56450
56177
51070
428348
51584
284014
43538
81784
107100
369318
317417
57735
523542
354081
887207
636235
15907
96849
24919
11361
3080156
318316
2964
18672
69922
179179
690743
83779
126604
89313
37181
204390
67653
28810
124371
73447
46091
460528
109777
321488
93649
148306
21620
93245
36643
72259
34091
152882
68280
187885
72999
13261
13901
110924
900202
434061
11159
601942
9023
104628
201513
22194
131228
33619
57510
440059
122302
57975
59493
5771
34274
76745
187196
37348
40164
32723
158714
578759
181806
63531
95626
36600
51113
228683
16376
382067
6710
7109
17252
229211
184826
310569
47266
23753
330818
14954
26516
169561
99500
29194
79978
58708
143476
108110
126007
86749
10019
17404
106721
94593
22968
86878
109862
47431
14892
27735
19991
81758
166998
152148
66972
30628
22124
184945
8076
300576
61303
151391
263670
47207
62914
224529
537174
55234
20940
234473
31364
15562
58266
106987
421164
209674
40667
17074
191283
20154
256623
14178
276652
132230
56046
128289
6963
230436
264542
118016
43837
413210
72971
235099
110332
8806
37825
23528
11249
7881
127827
5872
6061
9754
17884
150721
42222
193920
159923
153159
10190
34008
85292
67493
27546
90896
10901
195732
97311
42664
516042
88595
8278
82737
21566
21891
203436
69830
32511
16665
23197
21096
82124
8114
26465
92525
103609
23175
110268
57280
176832
40062
43960
20083
14286
8630
17955
29690
6237
103806
18500
6972
52778
92039
27277
30999
8972
55834
32019
40474
141793
18015
24527
162809
20473
37159
423163
4797
20160
56590
77331
105612
6839
15036
50089
104646
89221
64442
103868
83768
49859
25633
39752
181215
70465
265206
12728
11923
25619
195769
79546
126884
28695
66703
776
40644
8384
2013
46811
229849
165697
9450
102351
181451
107038
61998
74232
39001
9494
27463
129648
134758
56579
5462
18582
44142
30531
155271
22015
29131
491918
13031
46523
76085
218195
71367
209281
35595
69473
39824
180742
142088
62806
97241
101883
27711
162385
117415
170872
119171
33745
66618
4295
86175
133088
53948
64934
96387
61599
35514
23021
24176
36777
58191
32316
179225
242742
94398
110593
17582
45723
178124
64658
45368
36960
135692
163354
90687
79858
71887
125922
10429
192843
43539
78668
20356
19194
820
42758
106221
328297
33610
206341
97117
19351
40144
37497
13241
31959
33395
153279
49348
35856
30725
11399
118081
35789
153401
30950
190539
52245
33631
87839
1890
21627
18174
24500
20758
23390
22786
23194
26658
9632
16172
35529
81366
43806
130633
71070
95379
261191
159551
206428
38087
176862
87487
18230
30479
27260
70811
26118
38440
36004
13688
88723
7530
18546
2112
109330
33419
37109
92108
14800
60323
115081
83240
24936
24789
6618
56520
25286
8120
4158
38885
21235
141879
44498
13288
42450
14813
18504
4230
16854
103107
8545
12630
57602
54115
62045
102855
113510
33415
25449
93088
24019
28887
17103
49587
38284
25110
28321
62385
47581
107740
42846
60443
94298
130625
34823
29898
70772
67997
278299
141359
37677
49133
54068
53794
31605
78997
52605
27270
37591
50104
40367
31974
108317
56221
25388
2115
67580
88219
42736
34969
38158
53431
29014
50381
265066
173566
48980
4991
6623
97238
13809
44743
16132
67215
55928
64615
76576
117124
169509
44535
10641
58518
23382
130192
62680
28009
17526
3781
113775
5687
40044
22573
55869
20846
16131
16419
21532
33771
31952
27345
6320
45905
277680
14444
5331
6897
16700
47995
45600
22372
9416
24602
21167
9366
15860
87808
24030
13427
49458
11663
41411
170389
22995
62998
21004
8402
7600
72592
3138
65418
6489
30622
30822
39715
45605
69872
18038
87607
24558
14672
10417
78871
15805
21578
26675
22925
83456
34385
2190
41100
81289
40224
1887
79255
24763
35077
22241
33328
156209
17297
15550
868707
362294
142878
92084
29993
244835
33911
33432
42343
44428
55241
102268
26586
8635
18219
18039
96971
67490
45660
19559
20343
722
35734
68412
16667
40408
23951
3036
16007
176875
60813
17231
11128
24874
13904
17332
25127
98451
6229
15574
41170
46340
50484
12297
25126
17709
22837
8393
10309
36649
2287
38921
126903
18947
43664
58741
23677
55949
17624
3210
58457
55178
56391
71522
46963
113299
82082
638931
30368
28332
56786
51153
30032
11931
48155
75951
18360
42698
21492
28880
166847
33406
37084
98594
136154
21795
58722
24823
66730
12337
119200
41556
25362
24019
29036
41085
8834
15232
94186
43616
7627
42243
73361
23678
26687
10101
10663
13772
18863
21108
212181
10118
73309
7097
11267
29792
21312
26830
40595
16346
25427
12426
38967
22095
8615
23902
19135
21730
59511
13975
64697
43453
15118
26467
20997
68122
43199
14865
6207
6792
12108
12133
29025
1862
4736
6495
19596
65327
86215
21772
13635
5131
38465
41569
27036
26682
121829
84073
40328
14678
12422
17883
86715
41257
15601
65204
104915
49025
13145
71222
134510
26836
82168
60354
12271
38353
18249
17631
22195
4413
18636
41932
21547
2559903
16233
3887
41503
44417
10907
45328
19035
26320
18112
32628
27114
36520
79456
39614
36264
25239
8179
2636
34429
2379
81676
14398
15568
40711
47188
13653
5527
9742
29118
4321
5143
7426
42339
23018
28995881
76688
39490
6422
10073
43654
11603
12095
2751
2299
10177
61643
19818
50113
137713
64633
26741
21358
8713
18010
35734
16762
6347
99143
12083
34662
7460
40350
50990
13211
7805
54018
28393
3581
13283
42022
79608
8676
14073
5056
119062
10751
15498
30996
10246
30060
8303
20477
24496
6861
8818
1990
76117
17807
51472
13463
10415
2264
10545
45656
28275
49853
10076
38438
45144
40625
40372
4351
6164
20938
22814
15064
3933
11284
18705
18443
12893
5951
22529
23091
29652
13822
9831
17486
19657
54478
26868
26183
13811
33739
11164
7093
10803
11823
16426
2138
36467
1919
12023
10542
25276
11196
40596
58746
9140
35618
14860
32722
22604
55508
27763
12726
37667
92459
46138
50668
6713
854
17304
25694
30069
166223
30680
28859
7397
55246
11336
17478
28078
28684
91945
15065
5821
9498
24994
1129
14029
3954
18386
19234
12873
7561
13390
7823
2274
5257
45739
24412
21039
5496
10689
23324
35684
45130
23222
10897
36953
8697
6270
6298
15461
37497
69451
1959
40882
76666
21859
5666
10253
20866
18523
16720
23510
40482
37383
17148
31346
30104
27668
18807
6824
22646
15259
17137
13966
13715
1106
50643
11754
19618
44249
12150
37266
6890
16695
19259
10132
14883
43517
8241
8094
35871
3259
19383
17894
4633
3632
24446
15024
36692
30571
7208
14066
4939
17148
7967
7025
22630
13776
37930
12067
49172
13639
26937
42168
10423
15179
40108
13772
20436
9164
10799
65055
30281
9709
14706
8846
3527
5712
8688
23320
25178
33167
15026
13094
21493
20837
21886
52600
12207
8237
75558
5538
16441
4556
5230
13180
17442
27812
44926
14501
16344
11758
25062
13753
8786
34908
4147
6969
12229
40117
17076
11941
21513
16012
24913
37009
11562
45591
38875
13758
15765
8708
20211
9004
19222
9463
6376
3278
26988
7658
29189
25301
13724
29649
20226
6893
1077
65084
14506
6324
12037
15638
21773
16937
3421
67055
12592
13753
7755
64487
13943
750
7629
32832
10916
7584
21428
32750
19938
10012
12017
13188
6478
5346
7446
22582
45244
3266
4952
16826
7155
4873
2879
35893
22092
9453
5689
19369
27203
7250
3819
14651
8591
24932
4488
78981
40899
21341
31670
4636
6931
35098
9877
21553
17766
5720
9126
9034
17284
63060
3241
3022
13629
8165
19109
4006
6901
10830
15170
6571
8910
5920
75314
15823
14179
15911
20434
24443
18386
18582
7681
50621
19620
4427
4920
15165
9266
4217737
3024
5892
29910
13943
5737
7287
5399
7235
28544
12196
7370
21939
26271
7888
29579
20704
14177
32565
2211
20306
13957
6243
12172
9642
6459
9580
4086
2013
23112
8935
7984
16703
16558
2356
8471
21629
11790
23709
3898
11993
2216
2726
12514
8010
17370
22471
