25745
28325
219356
25479
169552
159689
25960
28809
104692
201605
40253
174449
53439
56993
37614
39704
65527
52890
34330
35146
36850
157108
29406
49131
107688
75833
113725
36499
55058
40311
39453
86706
61121
126985
63731
32030
39491
40378
43986
30067
57127
50863
54634
64052
99118
54602
63072
45219
104868
113811
41472
36596
59508
144571
99739
67342
72189
56225
76060
66654
106281
483934
118259
43095
118244
42908
45781
146686
69316
54881
26864
114032
42232
60679
41642
116359
56391
93410
34652
79805
57279
31263
43700
54881
42829
43908
36831
39646
32712
50798
27092
29258
34136
41891
45160
28076
27910
25678
27005
34069
28768
29994
28318
61940
45190
39093
54121
39107
87247
33052
45030
48168
39175
31385
34192
30710
27488
35410
28121
26967
42603
58683
51463
29070
52603
31829
77634
29790
43188
53142
53290
64944
28875
32881
53274
151354
55192
28196
38465
79940
48440
82749
57975
60919
76007
35111
92856
84967
51891
54421
38159
27767
42533
41661
67755
33206
36039
41543
63694
55773
75758
30227
64543
26051
29523
31552
4034
35798
