0,0,0,0,0,0,0,0,0,0,0,0,0,0,0,0,0,0,0,0,0,0,0,0,0,0,0,0,0,0,0,0,0,0,0,1,1,2,2,2,3,3,3,3,5,5,9,9,10,18,21,30,34,38,50,71,105,122,135,135,178,220,256,270,283,313,359,396,443,537,566,588,634,674,715,768,808,845,888,887,964,1009,1063,1114
0,0,0,0,0,0,0,0,0,0,0,0,0,0,0,0,0,0,0,0,0,0,0,0,0,0,0,0,0,0,0,0,0,0,0,0,0,0,0,0,0,0,0,0,0,0,0,0,0,0,0,0,0,0,0,0,0,0,0,0,0,0,0,0,1,1,1,1,1,1,1,1,1,1,1,1,1,1,1,1,1,1,1,1
0,0,0,0,0,0,0,0,0,0,0,0,0,0,0,0,0,0,0,0,0,0,0,0,0,0,0,0,0,0,0,0,0,0,0,0,0,0,0,0,0,0,0,0,0,0,0,1,1,1,1,1,1,1,1,2,2,2,2,2,2,2,2,2,2,2,3,3,3,3,3,3,3,3,7,7,7,7,7,7,7,7,7,7
0,0,0,0,0,0,0,0,0,0,0,0,0,0,0,0,0,0,0,0,0,0,0,0,0,0,0,0,0,0,0,0,0,0,0,0,0,0,0,0,0,0,0,0,0,0,0,0,0,0,0,0,0,0,0,1,2,3,4,4,5,5,5,5,8,8,9,10,11,11,11,12,13,13,13,14,14,14,15,16,16,16,16,16
0,0,0,0,0,0,0,0,0,0,0,0,0,0,0,0,0,0,0,0,0,0,0,0,0,0,0,0,0,0,0,0,0,0,0,0,0,0,0,0,0,0,0,0,2,2,2,2,2,2,2,2,2,2,2,2,2,2,2,2,3,3,3,3,3,3,3,3,4,4,4,5,5,5,8,8,8,8,9,9,11,11,12,12
0,0,0,0,0,0,0,0,0,0,0,0,0,0,0,0,0,0,0,0,0,0,0,0,0,0,0,0,0,0,0,0,0,0,0,0,0,0,0,0,0,0,0,0,0,0,0,0,0,0,0,0,0,0,0,0,0,0,0,0,0,1,1,1,1,1,1,1,2,2,2,3,3,3,3,3,3,3,3,3,3,3,3,3
0,0,0,0,0,0,0,0,0,0,0,0,0,0,0,0,0,0,0,0,0,0,0,0,0,0,0,0,0,0,0,0,0,0,0,0,0,1,1,1,4,4,9,9,10,10,17,25,29,29,34,39,41,42,46,51,61,71,86,108,131,151,168,175,187,222,250,276,307,353,386,417,442,462,484,511,530,539,552,600,615,631,648,685
0,0,0,0,0,0,0,0,0,0,0,0,0,0,0,0,0,0,0,0,0,0,0,0,0,0,0,0,0,0,0,0,0,0,0,0,0,0,0,0,0,0,0,0,0,0,0,0,0,0,0,0,0,0,0,0,0,0,0,0,0,0,0,0,0,0,0,1,1,2,2,2,2,2,2,2,2,2,2,2,2,2,2,2
0,0,0,0,0,0,0,0,0,0,0,0,0,0,0,0,0,0,0,0,0,0,0,0,0,0,0,0,0,0,0,0,0,0,0,0,0,0,0,0,0,0,0,0,0,0,0,0,0,0,0,0,0,0,2,2,2,2,3,3,9,12,12,12,15,18,18,19,22,22,22,25,28,29,30,32,32,32,34,35,35,35,36,36
0,0,0,0,0,0,0,0,0,0,0,0,0,0,0,0,0,0,0,0,0,0,0,0,0,0,0,0,0,0,0,0,0,0,0,0,0,0,0,0,0,1,1,1,1,1,1,1,2,2,2,2,3,3,6,6,6,13,18,19,27,31,43,43,53,68,82,94,100,103,108,124,146,156,173,191,201,201,222,251,265,295,311,315
0,0,0,0,0,0,0,0,0,0,0,0,0,0,0,0,0,0,0,0,0,0,0,0,0,0,0,0,0,0,0,0,0,0,0,0,0,0,0,0,0,0,0,0,0,0,0,0,0,0,0,0,0,0,0,0,0,0,0,0,0,1,1,1,2,2,2,2,2,2,2,2,2,2,2,3,3,3,4,4,4,4,4,4
0,0,0,0,0,0,0,0,0,0,0,0,0,0,0,0,0,0,0,0,0,0,0,0,0,1,1,1,1,1,1,1,1,1,1,1,1,1,1,1,1,1,1,1,1,1,1,1,1,1,1,1,1,1,2,2,2,2,5,10,12,14,18,18,21,27,28,37,40,44,44,49,50,50,50,50,50,50,50,51,52,52,52,52
0,0,0,0,0,0,0,0,0,0,0,0,0,0,0,0,0,0,0,0,0,0,0,0,0,0,0,0,0,0,0,0,0,0,0,0,0,0,0,0,0,0,0,0,0,2,2,2,2,2,2,2,2,4,4,6,6,6,9,9,17,21,25,25,33,38,43,50,55,55,65,68,73,75,79,79,87,87,100,117,127,143,155,155
0,0,0,0,0,0,0,0,0,0,0,0,0,0,0,0,0,0,0,0,0,0,0,0,0,0,0,0,0,0,0,0,0,0,0,0,0,0,0,0,0,0,0,0,0,0,0,0,0,0,0,0,0,0,0,0,0,0,0,1,2,5,5,8,8,8,9,10,10,10,11,11,11,11,11,12,12,12,12,12,17,17,18,18
0,0,0,0,0,0,0,0,0,0,0,0,0,0,0,0,0,0,0,0,0,0,0,0,0,0,0,0,0,0,0,0,0,0,0,0,0,0,0,0,0,0,0,0,0,0,0,0,0,0,0,1,0,3,3,4,4,12,14,23,32,40,46,50,74,98,126,155,194,205,225,246,261,303,330,363,369,396,446,516,553,565,578,610
0,0,0,0,0,0,0,0,0,0,0,0,0,0,0,0,0,0,0,0,0,0,0,0,0,0,0,0,0,0,0,0,0,0,0,0,0,0,0,0,0,0,0,0,0,0,0,0,0,0,0,0,0,0,0,0,0,0,0,0,0,1,2,2,3,4,5,5,5,5,5,5,5,8,8,9,10,10,12,13,13,18,20,28
0,0,0,0,0,0,0,0,0,0,0,0,0,0,0,0,0,0,0,0,0,0,0,0,0,0,0,0,0,0,0,0,0,0,0,0,0,0,0,0,0,0,0,0,0,0,0,0,0,0,0,0,0,0,0,0,0,0,0,0,0,0,0,0,0,0,0,0,0,0,1,2,2,3,3,4,4,4,4,5,5,6,6,6
1,1,1,1,1,1,1,1,1,1,1,1,1,1,1,1,1,1,1,1,1,1,1,1,1,1,1,1,1,1,1,1,1,1,1,1,1,1,7,11,13,14,14,19,20,29,32,40,54,69,94,147,192,231,295,353,411,543,670,814,1230,1482,1818,2147,2505,3037,3528,4071,4605,5325,5955,6391,6944,7573,7984,8453,8889,9197,9480,10075,10517,10895,11421,12051
0,0,0,0,0,0,0,0,0,0,0,0,0,0,0,0,0,0,0,0,0,0,0,0,0,0,0,0,0,0,0,0,0,0,0,0,0,0,0,0,0,1,1,1,1,1,1,1,1,1,1,1,1,2,3,3,3,6,6,7,10,11,15,18,21,23,25,28,28,28,28,28,28,28,30,32,32,33,33,33,33,33,33,34
0,0,0,0,0,0,0,0,0,0,0,0,0,0,0,0,0,0,0,0,0,0,0,0,0,0,0,0,0,0,0,0,0,0,0,0,0,0,0,0,0,0,0,1,1,3,3,3,5,9,11,15,15,25,38,38,38,47,53,60,65,69,74,93,98,107,108,118,131,137,141,143,148,149,154,153,153,164,170,171,184,187,187,189
0,0,0,0,0,0,0,0,0,0,0,0,0,0,0,0,0,0,0,0,0,0,0,0,0,0,0,0,0,0,0,0,0,0,0,0,0,0,0,0,0,0,0,0,0,0,0,0,0,0,0,0,1,1,1,1,1,1,2,2,2,2,3,4,4,4,4,4,4,4,4,4,4,4,4,4,4,4,4,4,4,4,5,5
0,0,0,0,0,0,0,0,0,0,0,0,0,0,0,0,0,0,0,0,0,0,0,0,0,0,0,0,0,0,0,0,0,0,0,0,0,0,0,0,0,0,0,0,0,0,0,0,0,0,0,0,0,0,0,0,1,1,1,2,4,7,8,9,10,10,12,16,19,27,29,29,34,40,52,59,64,65,69,74,78,82,85,87
0,0,0,0,0,0,0,0,0,0,0,0,0,0,0,0,0,0,0,0,0,0,0,0,0,0,0,0,0,0,0,0,0,0,0,0,0,0,0,0,0,0,0,0,0,0,0,0,0,0,0,0,0,0,0,1,1,1,2,4,6,8,11,13,13,13,18,18,19,19,19,19,19,20,20,21,21,23,23,23,23,23,23,23
0,0,0,0,0,0,0,0,0,0,0,0,0,0,0,0,0,0,0,0,0,0,0,0,0,0,0,0,0,0,0,0,0,0,0,0,0,0,0,0,0,0,0,0,0,0,0,0,0,0,0,2,2,2,5,11,14,20,24,24,27,27,34,36,40,42,48,53,57,62,62,63,64,69,71,79,82,87,87,100,103,119,119,136
0,0,0,0,0,0,0,0,0,0,0,0,0,0,0,0,0,0,0,0,0,0,0,0,0,0,0,0,0,0,0,0,0,0,0,0,0,0,0,0,0,0,0,0,0,0,0,0,0,0,0,0,0,0,0,0,2,2,3,6,7,8,10,14,14,15,18,18,20,20,20,22,23,25,28,32,34,34,34,38,38,39,44,47
0,0,0,0,0,0,0,0,0,0,0,0,0,0,0,0,0,0,0,0,0,0,0,0,0,0,0,0,0,0,0,0,0,0,0,0,0,0,0,0,0,0,0,0,0,0,0,0,0,0,1,1,1,1,1,1,1,3,4,7,8,8,12,17,21,26,26,30,31,31,31,32,34,34,34,34,34,34,34,34,34,34,36,36
1,1,1,1,1,1,1,1,1,1,1,1,1,1,1,1,1,1,1,1,1,1,1,1,1,1,1,1,1,1,1,1,1,1,1,1,1,3,3,3,4,4,4,5,5,6,6,6,14,17,22,29,41,51,64,77,94,122,147,184,248,316,395,420,455,494,598,653,710,782,831,881,931,1016,1079,1138,1221,1277,1283,1299,1376,1425,1501,1556
0,0,0,0,0,0,0,0,0,0,0,0,0,0,0,0,0,0,0,0,0,0,0,0,0,0,0,0,0,0,0,0,0,0,0,0,1,2,2,2,5,5,5,5,7,7,7,7,8,8,8,8,9,9,9,12,12,20,26,30,30,41,44,53,57,67,78,90,97,101,103,106,115,117,120,123,124,124,127,128,129,130,130,131
0,0,0,0,0,0,0,0,0,0,0,0,0,0,0,0,0,0,0,0,0,0,0,0,0,0,0,0,0,0,0,0,0,0,0,0,0,0,0,0,0,0,0,0,0,0,0,0,0,0,0,0,0,0,0,0,0,0,0,0,0,0,0,0,0,1,1,2,2,3,3,3,3,3,3,4,4,4,4,4,4,4,4,4
0,0,0,0,0,0,0,0,0,0,0,0,0,0,0,0,0,0,0,0,0,0,0,0,0,0,0,0,0,0,0,0,0,0,0,0,0,0,0,0,0,2,2,6,6,7,8,12,14,14,15,16,16,22,28,30,45,48,59,107,107,185,195,233,291,371,429,493,638,665,799,946,1016,1179,1280,1350,1431,1619,1751,1961,2105,2264,2457,2602
0,0,0,0,0,0,0,0,0,0,0,0,0,0,0,0,0,0,0,0,0,0,0,0,0,0,1,1,1,1,1,1,1,1,1,1,1,1,1,3,3,3,3,10,10,10,17,17,29,32,33,40,40,45,53,53,53,88,88,113,113,164,164,164,224,224,314,341,390,390,442,462,525,580,613,653,699,707,739,816,853,879,896,914
0,0,0,0,0,0,0,2,2,2,2,2,2,2,2,2,2,2,2,2,2,2,2,2,2,2,2,2,2,2,2,2,2,2,2,2,2,2,2,2,2,2,2,2,2,2,2,3,3,3,3,4,5,5,5,5,6,6,7,9,12,14,14,14,17,21,23,23,23,23,23,30,31,33,34,35,35,35,38,39,41,42,44,44
0,0,0,0,0,0,0,0,0,0,0,0,0,0,0,0,0,0,0,0,0,0,0,0,0,0,0,0,0,0,0,0,0,0,0,0,0,0,0,0,0,0,0,0,0,0,0,0,0,1,2,3,5,5,9,10,17,17,38,54,55,64,76,111,111,183,254,304,353,372,373,530,547,641,729,810,810,887,977,977,996,1032,1096,1219
0,0,0,0,0,0,0,0,0,0,0,0,0,0,0,0,0,0,0,0,0,0,0,0,0,0,0,0,0,0,0,0,0,0,0,0,0,0,0,0,0,0,1,2,2,4,5,10,19,25,37,50,59,70,100,118,143,197,232,283,341,417,488,519,603,734,849,966,1112,1209,1326,1404,1454,1530,1628,1693,1761,1804,1847,1930,2012,2087,2158,2213
0,0,0,0,0,0,0,0,0,0,0,0,0,0,0,0,0,0,0,0,0,0,0,0,0,0,0,0,0,0,0,0,0,0,0,0,0,0,0,2,2,8,8,13,14,14,18,23,28,37,40,43,51,70,76,84,108,131,152,178,223,279,308,340,374,397,434,450,497,529,568,583,622,676,724,797,857,872,957,987,1013,1019,1058,1137
0,0,0,0,0,0,0,0,0,0,0,0,0,0,0,0,0,0,0,0,0,0,0,0,0,0,0,0,0,0,0,0,0,0,0,0,0,0,0,0,0,0,0,0,0,0,0,8,8,8,9,13,14,17,20,31,41,51,60,71,83,93,108,121,136,151,161,178,185,191,203,212,223,237,245,257,260,273,309,335,364,369,398,410
0,0,0,0,0,0,0,0,0,0,0,0,0,0,0,0,0,0,0,0,0,0,0,0,0,0,0,0,0,0,0,0,0,0,0,0,0,0,0,0,0,0,0,0,0,0,0,0,1,2,3,6,7,13,16,21,27,33,42,46,54,59,67,71,77,80,83,89,93,93,95,95,99,102,104,107,110,114,117,120,124,125,127,131
0,0,0,0,0,0,0,0,0,0,0,0,0,0,0,0,0,0,0,0,0,0,0,0,0,0,0,0,0,0,0,0,0,0,1,1,2,2,2,2,2,2,2,9,9,15,20,20,32,32,42,64,80,89,100,110,117,142,161,165,195,239,274,277,309,388,388,453,486,538,555,579,589,617,633,638,652,652,701,747,767,797,838,838
0,0,0,0,0,0,0,0,0,0,0,0,0,0,0,0,0,0,0,0,0,0,0,0,0,0,0,0,0,0,0,0,0,0,0,0,0,0,0,0,0,0,0,0,0,0,0,0,0,1,1,2,3,8,9,13,18,18,24,26,32,47,64,68,88,99,111,139,152,168,174,192,218,228,243,260,264,267,284,313,334,354,373,385
0,0,0,0,0,1,1,2,2,2,2,2,2,2,2,2,2,2,2,2,2,2,2,2,2,2,2,2,2,2,2,2,2,3,4,7,9,11,14,20,24,32,37,43,45,48,66,79,91,114,138,155,175,189,196,263,302,321,375,542,542,574,591,646,848,890,956,1019,1094,1148,1207,1224,1285,1380,1442,1484,1566,1621,1666,1666,1793,1833,1870,1870
0,0,0,0,0,0,0,0,0,0,0,0,0,0,0,0,0,0,0,0,0,0,0,0,0,0,0,0,0,0,0,0,0,0,0,0,0,0,0,0,0,1,1,2,2,4,4,7,7,7,9,13,13,14,15,15,15,22,24,25,32,34,39,44,45,49,54,57,59,62,69,71,76,76,80,82,82,88,91,91,96,96,98,101
0,0,0,0,0,0,0,0,0,0,0,0,0,0,0,0,0,0,0,0,0,0,0,0,0,0,0,0,0,0,0,0,0,0,0,0,0,0,0,0,0,0,1,1,1,1,1,1,1,1,1,1,1,1,1,1,2,3,3,3,3,3,4,4,6,7,7,11,12,17,20,21,23,24,24,24,24,24,25,25,25,26,26,26
0,0,0,0,0,0,0,0,0,0,0,0,0,0,0,0,0,0,0,0,0,0,0,0,0,0,0,0,0,0,0,0,0,0,0,0,0,0,0,0,0,0,0,0,0,0,0,0,0,0,0,0,0,0,0,2,2,3,3,3,3,3,3,3,3,3,3,3,3,3,3,4,4,4,4,5,5,5,5,5,5,5,5,5
0,0,0,0,0,0,0,0,0,0,0,0,0,0,0,0,0,0,0,0,0,0,0,0,0,0,0,0,0,0,0,1,1,2,2,3,3,3,3,3,3,3,3,6,6,6,6,6,6,6,9,8,8,10,13,14,14,21,24,31,34,34,34,34,43,49,54,61,73,73,73,88,99,112,115,121,121,121,135,140,141,156,169,169
0,0,0,0,0,0,0,0,0,0,0,0,0,0,0,0,0,0,0,0,0,0,0,0,0,0,0,0,0,0,0,0,0,0,0,0,1,1,2,2,2,2,2,2,2,2,2,2,4,4,7,9,9,11,22,24,27,29,34,39,49,54,54,58,73,85,91,95,105,107,107,115,120,136,142,145,145,147,152,160,163,172,180,180
0,0,0,0,0,0,0,0,0,0,0,0,0,0,0,0,0,0,0,0,0,0,0,0,0,0,0,0,0,0,0,0,0,0,0,0,0,0,0,0,0,0,0,0,0,2,2,2,2,2,3,3,5,5,5,5,8,10,11,12,17,23,29,31,33,40,44,51,58,65,71,81,90,95,103,116,121,131,146,163,177,187,206,221
0,0,0,0,0,0,0,0,0,0,0,0,0,0,0,0,0,0,0,0,0,0,0,0,0,0,0,0,0,0,0,0,0,0,0,0,0,0,0,0,0,0,0,0,0,0,0,0,0,0,0,0,0,0,0,0,0,0,0,2,2,2,6,6,9,10,14,14,16,16,16,17,19,20,22,22,22,22,23,24,24,24,25,25
0,0,0,0,0,0,0,0,0,0,0,0,0,0,0,0,0,0,0,0,0,0,0,0,0,0,0,0,0,0,0,0,0,0,0,0,0,0,0,0,0,0,0,0,0,0,0,0,0,0,0,0,0,0,0,0,0,0,0,0,0,0,0,0,0,0,1,1,1,1,1,1,1,1,1,1,1,1,1,1,1,1,1,1
0,0,0,0,0,0,0,0,0,0,0,0,0,0,0,0,0,0,0,0,0,0,0,0,0,0,0,0,0,0,0,0,0,0,0,0,0,0,0,0,0,0,0,0,0,1,1,1,2,3,3,3,5,7,11,11,12,16,17,18,20,24,29,35,43,45,59,74,81,107,116,135,157,168,187,203,227,227,264,296,352,372,382,397
0,0,0,0,0,0,0,0,0,0,0,0,0,0,0,0,0,0,0,0,0,0,0,0,0,0,0,0,0,0,0,0,0,0,0,0,0,0,0,0,0,0,0,0,0,0,0,0,0,0,0,0,0,0,0,0,0,0,0,0,0,0,0,0,1,1,1,1,1,1,1,1,1,1,1,1,1,1,1,2,2,2,2,2
0,0,0,0,0,0,0,0,0,0,0,0,0,0,0,0,0,0,0,0,0,0,0,0,0,0,0,0,0,0,0,0,0,0,0,0,0,0,0,0,1,1,1,1,1,2,3,5,4,4,4,10,13,17,19,26,30,35,39,50,61,83,98,109,126,149,160,177,189,203,221,226,243,263,274,298,309,314,317,350,365,384,396,416
0,0,0,0,0,0,0,0,0,0,0,0,0,0,0,0,0,0,0,0,0,0,0,0,0,0,0,0,0,0,0,0,0,0,0,0,0,0,0,0,1,1,1,1,1,1,1,2,2,2,2,4,5,5,6,6,6,8,10,11,11,16,16,16,24,25,28,33,33,37,37,50,56,67,71,75,88,93,101,102,116,125,126,126
0,0,0,0,0,0,0,0,0,0,0,0,0,0,0,0,0,0,0,0,0,0,0,0,0,0,0,0,0,0,0,0,0,0,0,0,0,0,0,0,0,0,0,0,0,0,0,0,0,0,0,0,0,0,0,2,3,3,3,3,3,3,3,4,6,7,8,8,9,9,10,11,13,15,15,15,15,15,15,15,15,15,15,16
