34656032
2876101
40606052
77281
28813463
100963
43847430
2924816
24127159
8747358
9762274
391232
1425171
162951560
284996
9507120
11348159
10872298
797765
10887882
3516816
207652865
423196
7127822
18646433
539560
15762370
23439189
36286425
4594621
14452543
17909754
1378665000
48653419
5125821
78736153
4857274
23695919
4170600
2508
11475982
1170125
10561633
5731118
942333
10648791
16385068
95688681
6344722
1221490
6680000
1316481
1343098
102403196
898760
5495096
66896109
1979786
2038501
3719300
82667685
28206728
10746740
16582469
12395924
773303
10847334
1000
9112867
9817958
334252
1324171354
261115456
80277428
37202572
4773095
8547100
60600590
2881355
126994511
9455802
17797032
48461567
25368620
4052584
6082700
1960424
6006668
4613823
37666
2872298
582972
24894551
31187265
417492
436947
4301018
1263473
127540423
3552000
38499
3027398
622781
35276786
2479713
28982771
17018408
4692700
6149928
20672987
185989640
2081206
5232929
4424762
193203476
4034119
8084991
6725308
31773839
103320222
37948016
10324611
2569804
19705301
144342396
11917508
178015
109643
33203
32275687
15411614
7057412
94677
5607283
5428704
2064845
14317996
55908865
46443959
21203000
39578828
558368
9903122
8372098
55572201
68863514
7606374
1364962
11403248
79512426
41487965
45004645
9269612
65637239
3444006
323127513
31848200
31568179
92701100
16591390
16150362
73543
107317
28829476
18430453
1268671
366954
6758353
6293253
4551566
1815698
17994837
54821
1816200
52885223
1432
2250260
10524117
7396190
18091575
12230730
593912
199910
29162000