41,91,76,25,12,12,104,56,27,44,32,123,8,54,14,60,28,36,31,19,38,7,84,41,35,33,74,5,12,64,110,22,28,25,47,43,41,88,6,56,12,38,33,17,0,15,48,14,40,10,1,0,0,23,0,0
91,693,330,100,111,187,802,408,188,195,314,748,29,537,133,468,207,153,173,79,358,21,684,379,277,289,498,131,74,461,772,227,278,159,355,334,480,603,65,476,87,322,172,104,50,66,241,281,203,65,16,0,0,267,0,0
76,330,288,91,58,61,447,193,93,156,132,452,19,242,51,230,88,96,109,70,182,52,386,189,133,140,306,34,37,238,424,97,111,96,176,178,222,313,21,247,50,151,134,62,14,38,131,100,115,19,7,0,0,120,0,0
26,98,87,28,15,18,121,62,24,36,43,116,4,71,13,59,27,32,31,16,42,7,95,46,39,34,73,9,8,71,117,24,27,20,56,47,66,90,7,70,16,43,40,20,1,12,36,32,36,10,4,0,0,28,0,0
12,114,59,15,26,15,129,62,30,24,40,141,1,79,21,71,30,22,21,9,49,1,106,59,29,50,72,12,18,80,134,45,44,24,55,56,51,106,9,66,12,49,20,17,3,13,47,20,41,5,0,0,0,47,0,0
11,187,60,18,14,14,202,110,40,36,58,186,5,131,30,110,44,37,36,13,63,0,159,70,48,66,102,13,26,144,197,53,61,31,76,107,72,176,5,97,24,73,27,16,3,36,60,39,77,3,2,0,0,53,0,0
105,798,448,121,127,206,1007,481,227,255,389,892,39,643,152,574,253,167,239,99,417,20,816,446,321,348,615,155,89,551,948,275,313,177,430,410,599,714,84,594,124,398,219,112,52,103,265,343,235,72,21,0,0,333,0,0
56,408,198,63,60,112,477,246,114,116,214,446,15,320,77,300,127,99,108,42,219,11,417,229,165,180,311,78,42,266,477,136,161,93,220,197,303,345,41,286,54,190,101,56,33,38,139,182,118,44,9,0,0,174,0,0
27,182,90,23,30,41,220,110,49,46,84,217,13,145,31,127,51,42,47,20,111,2,187,102,63,74,132,35,16,130,209,65,62,36,101,91,127,176,13,124,23,83,38,29,17,20,60,67,67,21,2,0,0,73,0,0
45,201,155,39,24,35,261,118,50,78,75,238,10,135,27,124,59,57,60,33,95,18,200,90,59,73,164,20,24,143,246,54,62,47,111,101,124,197,16,148,33,99,68,33,5,28,75,52,74,9,7,0,0,56,0,0
33,318,132,40,39,56,395,212,85,71,143,375,12,263,57,214,101,57,75,27,132,8,327,152,101,122,209,35,44,251,367,117,106,66,166,181,195,319,17,204,48,136,61,40,12,27,90,103,126,22,5,0,0,112,0,0
121,757,457,119,138,189,900,453,224,235,372,815,32,578,153,507,245,173,204,96,404,17,765,452,285,349,585,127,99,540,873,281,311,188,408,368,553,679,77,553,96,380,224,130,56,81,297,281,212,87,19,0,0,315,0,0
9,29,18,5,1,4,40,13,13,12,13,32,2,18,7,24,8,8,9,6,21,8,25,12,13,14,26,4,6,21,37,13,12,10,15,14,23,30,1,32,7,20,9,8,0,5,15,10,9,0,0,0,0,12,0,0
51,536,246,71,77,135,638,320,146,131,265,570,19,417,105,369,167,111,127,48,275,3,533,286,198,233,388,100,62,373,628,191,201,113,280,268,375,474,50,373,74,253,123,69,38,44,182,213,159,51,11,0,0,224,0,0
14,130,52,13,21,30,148,75,31,24,57,148,7,103,20,96,32,33,29,9,75,1,126,68,46,46,93,28,10,90,143,43,48,26,69,62,87,115,8,81,16,56,23,19,11,9,38,52,43,11,1,0,0,49,0,0
56,465,229,58,69,107,572,298,125,119,213,511,24,369,96,308,138,92,116,44,242,4,456,238,164,207,339,86,54,347,556,163,173,100,255,239,316,447,45,330,64,219,113,78,34,59,159,181,162,50,10,0,0,190,0,0
29,208,91,28,30,44,252,127,52,59,104,244,9,166,32,137,47,44,49,22,109,10,215,105,69,84,143,34,19,156,242,68,68,44,105,111,127,198,13,125,22,85,42,28,15,14,69,72,78,14,2,0,0,82,0,0
37,153,98,32,20,37,173,100,43,58,58,176,8,112,33,90,43,48,48,22,70,3,138,67,58,71,121,18,17,104,180,40,51,31,93,71,92,135,22,113,21,69,52,34,12,14,58,51,55,18,3,0,0,65,0,0
33,174,106,32,20,35,239,106,46,58,79,201,8,126,27,114,47,47,36,27,89,16,183,88,63,75,136,20,21,132,217,56,54,39,95,95,105,169,12,123,25,89,57,27,8,28,64,51,65,13,7,0,0,63,0,0
19,76,71,16,9,16,101,43,20,34,26,96,5,50,9,44,23,19,27,10,37,2,67,33,29,33,53,8,8,48,87,17,20,14,41,37,51,66,9,53,11,37,26,16,2,8,24,22,25,8,2,0,0,25,0,0
39,372,189,44,49,62,433,227,117,95,130,410,19,285,80,249,114,69,93,37,160,11,356,189,109,136,262,65,56,268,432,137,136,86,191,205,225,342,27,238,54,175,76,47,16,38,125,125,134,26,6,0,0,137,0,0
9,20,52,7,1,0,19,10,2,18,8,16,8,2,1,4,10,3,16,2,11,30,8,12,2,1,11,0,1,2,10,1,1,4,12,2,5,13,0,14,2,10,12,3,0,2,12,1,1,0,0,0,0,1,0,0
84,686,393,96,103,164,826,424,191,200,325,771,25,541,130,457,217,137,186,68,351,9,655,365,251,307,490,118,83,478,813,232,268,150,346,351,479,604,68,482,102,339,176,98,48,81,249,276,214,68,13,0,0,286,0,0
42,377,183,45,60,70,445,227,102,87,154,446,12,285,69,239,103,68,89,35,186,13,364,197,121,156,250,50,50,277,433,134,131,85,181,196,221,351,24,236,49,172,68,49,20,33,124,112,133,26,4,0,0,149,0,0
32,269,122,38,29,47,313,164,61,57,100,280,9,199,46,162,67,55,61,29,107,2,245,116,94,105,147,29,32,200,291,74,91,45,118,154,135,246,20,148,33,107,64,30,7,40,79,74,109,17,4,0,0,98,0,0
31,283,137,33,51,64,345,180,74,69,122,342,15,230,47,203,84,68,74,31,131,1,299,159,106,102,210,46,28,214,335,90,105,64,142,146,194,270,19,169,40,123,62,42,23,42,94,106,96,33,6,0,0,101,0,0
72,501,307,74,71,102,623,320,133,163,210,584,24,396,96,335,148,117,139,55,262,12,489,249,149,212,375,76,63,368,589,168,185,116,268,272,308,491,50,339,60,238,127,70,31,61,180,172,177,39,11,0,0,191,0,0
5,139,37,9,12,13,164,81,38,20,35,126,4,104,31,92,37,18,19,8,68,0,122,53,32,48,81,12,26,98,141,63,49,27,69,81,59,141,3,98,19,66,17,11,2,22,50,35,52,4,0,0,0,50,0,0
12,70,38,8,18,26,85,41,16,21,43,95,6,61,10,53,19,16,22,8,51,1,80,50,32,28,60,23,0,50,83,23,25,16,41,29,67,62,8,45,7,29,17,14,11,3,21,39,19,11,1,0,0,32,0,0
59,462,239,69,78,145,549,269,131,133,248,531,20,375,92,341,156,100,130,47,259,3,472,274,201,215,354,95,51,304,550,160,202,105,251,216,358,396,51,330,64,233,126,74,38,42,156,215,116,59,12,0,0,204,0,0
107,774,431,119,131,199,952,483,216,240,364,858,36,633,150,552,247,172,215,85,422,11,797,439,298,345,582,137,89,552,912,277,310,182,425,401,567,710,81,566,106,379,210,116,59,92,274,319,235,87,20,0,0,317,0,0
20,220,95,24,45,51,269,136,65,49,117,275,13,191,43,161,67,40,56,17,128,1,226,134,73,88,164,58,23,160,266,82,97,49,121,115,156,198,16,146,28,110,47,32,17,30,69,96,75,21,3,0,0,95,0,0
28,274,113,26,43,61,310,158,62,58,106,308,12,198,47,175,67,50,56,20,130,1,263,130,93,106,185,45,25,200,304,98,85,49,138,134,173,248,22,164,35,107,48,39,17,27,92,86,97,22,1,0,0,109,0,0
23,162,100,21,24,29,182,99,40,46,66,194,9,120,29,102,47,30,42,14,84,4,153,87,43,64,118,24,19,115,187,54,50,35,87,83,92,142,12,88,16,76,33,14,11,25,52,51,55,13,1,0,0,62,0,0
49,354,181,57,54,75,434,221,104,109,164,406,16,279,70,250,105,93,95,43,186,12,344,183,126,144,271,65,42,254,427,122,139,84,190,179,240,325,37,249,50,169,87,56,28,34,129,144,121,35,6,0,0,137,0,0
42,333,179,46,55,110,398,194,92,95,181,357,15,267,63,238,109,68,93,35,195,3,339,197,154,147,262,77,29,211,390,114,137,75,176,151,285,268,39,256,54,168,88,49,32,57,107,172,77,41,8,0,0,145,0,0
39,484,226,68,50,71,605,306,127,127,199,557,20,380,88,318,133,92,106,47,225,5,480,221,131,196,307,56,69,364,574,160,172,92,244,291,234,476,27,297,58,224,115,50,13,68,161,131,191,23,7,0,0,183,0,0
88,606,319,91,103,177,716,349,182,192,314,679,30,478,118,448,200,131,174,63,328,14,597,351,249,273,482,135,65,398,711,203,251,137,327,277,471,523,65,440,89,316,160,95,46,56,218,281,159,65,15,0,0,265,0,0
5,65,20,7,9,5,84,40,12,16,18,76,1,49,8,46,13,22,12,8,27,0,66,23,19,19,49,3,8,51,80,16,23,12,37,38,27,65,14,38,10,28,13,3,0,8,20,16,31,0,2,0,0,15,0,0
57,484,253,72,66,98,611,299,130,148,204,560,28,387,88,340,133,112,126,54,233,14,490,240,158,176,344,89,52,343,577,159,171,92,253,271,300,454,39,308,66,217,112,53,26,44,157,177,175,38,9,0,0,176,0,0
11,83,48,16,12,23,120,56,21,33,48,94,5,75,16,59,23,19,24,10,52,2,98,48,32,38,57,16,7,63,101,28,32,15,46,56,57,86,10,58,4,38,26,8,6,19,27,33,27,7,4,0,0,34,0,0
40,324,156,44,49,72,401,193,85,97,135,371,19,255,59,220,89,65,90,36,173,10,335,174,112,124,235,60,32,235,373,114,109,75,168,171,222,318,28,216,41,139,72,47,22,25,106,121,109,24,6,0,0,125,0,0
32,177,131,40,20,28,224,103,38,68,63,223,10,123,23,113,44,53,58,23,77,13,176,70,65,64,124,17,17,126,210,47,49,32,88,89,115,164,13,114,26,73,44,29,4,24,58,54,67,12,2,0,0,50,0,0
17,114,67,21,18,17,123,64,34,36,41,139,8,77,22,82,32,31,31,15,51,3,103,52,32,46,73,11,17,85,128,39,42,19,58,57,54,106,3,59,11,52,30,13,2,39,45,22,43,5,0,0,0,37,0,0
0,52,14,1,3,3,52,34,17,5,11,57,0,39,11,34,15,12,8,2,16,0,49,20,6,23,30,2,11,39,59,17,17,11,28,33,12,47,0,25,5,21,4,2,8,2,16,8,22,0,0,0,0,19,0,0
15,63,36,12,13,35,99,40,18,29,27,84,3,45,9,62,15,12,28,7,38,2,77,32,45,46,65,18,3,42,95,35,24,31,30,55,74,56,8,39,25,22,24,38,3,403,38,24,15,5,3,0,0,21,0,0
47,249,136,37,46,56,278,146,68,74,89,302,14,191,43,166,73,56,67,25,125,12,253,128,81,96,185,46,27,168,282,78,96,55,135,118,162,230,19,161,31,112,57,39,16,35,83,85,82,17,2,0,0,93,0,0
14,280,99,32,20,39,340,183,65,51,103,276,8,213,52,178,73,48,49,20,124,1,272,110,74,106,168,32,39,214,314,95,85,50,139,173,129,281,16,172,33,118,53,21,9,24,81,76,112,11,4,0,0,103,0,0
39,203,117,36,39,80,233,117,69,72,128,205,10,159,44,160,77,53,64,25,129,2,206,133,110,96,171,52,19,113,233,74,99,50,118,78,190,155,32,169,27,110,67,38,21,15,78,113,32,33,7,0,0,92,0,0
9,67,20,11,5,3,72,45,22,10,23,88,1,51,11,51,15,19,14,7,27,0,69,27,16,33,38,5,11,60,87,21,22,13,37,40,21,66,0,38,6,24,12,5,0,4,18,10,33,12,0,0,0,25,0,0
1,17,7,3,0,2,23,9,2,6,5,18,0,11,1,10,2,3,6,2,6,0,13,4,4,6,11,0,1,12,20,3,1,1,6,8,7,15,2,10,4,6,2,0,0,3,2,4,7,0,0,0,0,6,0,0
0,0,0,0,0,0,0,0,0,0,0,0,0,0,0,0,0,0,0,0,0,0,0,0,0,0,0,0,0,0,0,0,0,0,0,0,0,0,0,0,0,0,0,0,0,0,0,0,0,0,0,0,0,0,0,0
0,0,0,0,0,0,0,0,0,0,0,0,0,0,0,0,0,0,0,0,0,0,0,0,0,0,0,0,0,0,0,0,0,0,0,0,0,0,0,0,0,0,0,0,0,0,0,0,0,0,0,0,0,0,0,0
23,268,121,27,48,53,338,175,74,51,112,307,12,225,52,193,84,62,62,24,135,1,282,150,100,101,190,47,34,207,312,99,112,61,137,146,183,270,15,176,37,127,50,34,19,24,91,106,92,25,6,0,0,96,0,0
0,0,0,0,0,0,0,0,0,0,0,0,0,0,0,0,0,0,0,0,0,0,0,0,0,0,0,0,0,0,0,0,0,0,0,0,0,0,0,0,0,0,0,0,0,0,0,0,0,0,0,0,0,0,0,0
0,0,0,0,0,0,0,0,0,0,0,0,0,0,0,0,0,0,0,0,0,0,0,0,0,0,0,0,0,0,0,0,0,0,0,0,0,0,0,0,0,0,0,0,0,0,0,0,0,0,0,0,0,0,0,0
